6
21
                       1                        0                        0      -1.6000000000000001
                       0                       -1                        0     -0.29999999999999999
                       0                        0                       -1                     8.75
                       0                        0                        0                        1

0.5 -0.7241089772 -0.09547781394
     0.99549499778462947     0.093262411269128584     0.017083091934673805      -1.5971394452946779
    0.093262411269128598     -0.93071544472407364     -0.35365362092920455     -0.38946105502955175
   -0.017083091934673809      0.35365362092920455     -0.93522044693944406       8.2608473018833273
                       0                        0                        0                        1

0.5 0.3789961478 0.07804237679
     0.99982746277474843       0.0173772403380026    0.0065632461209663914      -1.5918274511933568
    0.018245597013903679     -0.98501479494419275     -0.17150204643285141     -0.52117900654709559
   0.0034846622526890341      0.17159220628946117     -0.98516190134906201       7.7793131955671786
                       0                        0                        0                        1

0.5 -0.891341242 0.2937603096
     0.96214819150665143     -0.26778799635452416    -0.050600855614398581       -1.597516128859005
    -0.24737276225695631     -0.78024477400085046     -0.57447785783067795      -0.7114946618881528
     0.11435722134541032      0.56525010539830123     -0.81695455459490851       7.3214390582730609
                       0                        0                        0                        1

0.5 -0.3009702014 -0.5007871755
     0.97043756863244246      0.23544041129984725    -0.053091789513180838      -1.6266091131067271
     0.13495972988792204     -0.71172894382449958     -0.68936766810682459      -1.0278876228475982
    -0.20009197059185618      0.66182303015943811     -0.72246348008411221       6.9359762392016497
                       0                        0                        0                        1

0.5 0.9308317872 0.2851693884
     0.99236799795224162    -0.085471845231716123    -0.088883746055987034      -1.6683573557227636
    -0.10804972853794897     -0.95006159796937029     -0.29275965607774934      -1.2780643930765416
   -0.059422325797086915       0.3001291784158483     -0.95204593558309569       6.5102997213749774
                       0                        0                        0                        1

0.5 -0.5446456238 -0.01487937811
     0.99333591982964031     -0.04382318677326634     -0.10659868046668111      -1.7177011275655019
   -0.094665574027308852     -0.83779414351209924     -0.53771684201902037      -1.4869589741427489
   -0.065743284602172575      0.54422467915178485     -0.83635956330507377       6.0604252081258778
                       0                        0                        0                        1

0.5 0.878314015 -0.1590537057
      0.9913732417923512     0.068052319029536484     -0.11201775454286855      -1.7703006328671784
    0.053412728119499847     -0.99022283065982619     -0.12886359499437189      -1.6564034495697175
    -0.11969200446544684      0.12176874605063193     -0.98531527774225613       5.5972480576970547
                       0                        0                        0                        1

0.5 0.9239339726 -0.1118347402
     0.98080183018915967      0.11742910197939403     -0.15568614551689361      -1.8362725746589701
     0.16296992756352044     -0.93202046071870148        0.323695325130964      -1.6065709602849561
    -0.10709142172711689     -0.34285312716965621     -0.93326478589007689       5.1086258529813495
                       0                        0                        0                        1

0.5 0.6886543077 0.2497093622
      0.9725354001663945     -0.18263631020232468     -0.14428746868273351      -1.9155840430715221
    -0.05410739239516419     -0.78032767070437425      0.62302577508581591      -1.3677077635080774
    -0.22637863307164457     -0.59810760280134012     -0.76877825799111077       4.6794418749806583
                       0                        0                        0                        1

0.5 -0.1926777698 0.5071435671
     0.76510618879605607     -0.61714662293542943     -0.18369149589833556      -1.9958268117667877
    -0.44058235539661461     -0.70980034671238901      0.54960954860713984      -1.0748333031164126
    -0.46957396433271786     -0.33957843513151309     -0.81497655083719256       4.2824607671827222
                       0                        0                        0                        1

0.5 0.8626388768 -0.4471191354
     0.96673401710273077     -0.25555518408502287     0.010811478330320756      -2.0325062348213097
    -0.15191371831934952     -0.53963849971653355      0.82807760011370835     -0.72733357414545763
    -0.20578523358785045     -0.80217319670440168     -0.56050923286439636       3.9302217595861206
                       0                        0                        0                        1

0.5 -0.6247797185 -0.6026286629
     0.94125842578147156      0.33683191126955919     0.024017482088712516      -2.0315695181437006
     0.25042357867867343     -0.74396894679575309      0.61951451754207065     -0.36275527951581205
     0.22654051985715978     -0.57710871571491107     -0.78461769232456957       3.5909877883838197
                       0                        0                        0                        1

0.5 -0.8384848228 0.0693764246
      0.9613542939856391      0.23375238973221013      0.14545700990276961      -1.9873948147032914
      0.1908807550371979     -0.94663730429906212      0.25969665278134535      -0.1394014871694467
     0.19839974493885526      -0.2218955484093505     -0.95467266997872635       3.1499414246973463
                       0                        0                        0                        1

0.5 -0.1262975098 -0.4970569362
     0.73590751938602295      0.65431618720240936      0.17409896632666116      -1.9086170653759935
     0.62287129180171041     -0.75503805528417645      0.20481427909683964      -0.0237800118878706
     0.26546464314552182    -0.042283120007762284     -0.96319295107575909       2.6700004342085699
                       0                        0                        0                        1

0.5 -0.8860214525 -0.3268710492
     0.50663174662008492      0.71292095649811593      0.48483809988747117      -1.7449700759322049
     0.83940661922112958     -0.53622416138893136    -0.088657635601741724    0.0011995589391299161
     0.19677601714750731       0.4518930830722554     -0.87009875333034181       2.2025092018369841
                       0                        0                        0                        1

0.5 0.2153107761 -0.2435280143
     0.31380705592611591      0.86130565917928426      0.39959691329729036      -1.5231949343059332
     0.94486584528703987     -0.32474815467809959    -0.042037726427312239    -0.030524553325141597
    0.093561028537485436      0.39075721042471806     -0.91572656204791825        1.755778314824727
                       0                        0                        0                        1

0.5 0.3282224541 -0.2139493076
     0.11764466141162012      0.96129826164272303      0.24912925521508741      -1.3603288159957612
     0.99274556500209998     -0.12011674971150532   -0.0053112717315067226    -0.040960841368755246
    0.024818880111875344      0.24794680599157232     -0.96845568023971507       1.2837550359114687
                       0                        0                        0                        1

0.5 -0.03325886279 -0.1625335224
   -0.039118875046601102      0.96340825542015363      0.26516833710566745      -1.2317558805662876
     0.99909105150063193     0.042208331123911293   -0.0059605029231789364    -0.043891309011455062
    -0.01693471069877896      0.26469414457450841     -0.96418370936327125      0.80058357923157819
                       0                        0                        0                        1

0.5 0.03015176021 0.1104006521
    0.067480665357274816      0.96573299875629282      0.25061152191413344      -1.1028094551944116
     0.99765397133257061    -0.068215297263371055   -0.0057642608911530257     -0.04689187821342522
    0.011528802508972119      0.25041255625956249     -0.96807057510300332      0.31751103511171347
                       0                        0                        0                        1

0.3320829407 0.7367269304 -0.2668917728
       -0.19514135685643      0.98072545228801711    0.0098710728239807533       -1.059456813830137
     0.98050545670703071      0.19531382058742755    -0.021483967400846238    -0.049628089375324973
   -0.022997830592683864    0.0054862302182055178      -0.9997204614621138    -0.010885781133861905
                       0                        0                        0                        1

20
                       1                        0                        0      -1.6000000000000001
                       0                       -1                        0      0.29999999999999999
                       0                        0                       -1                     8.75
                       0                        0                        0                        1

0.5 0.6656203168 -0.4398669762
     0.90568654532261117      0.41789923674143731    -0.071359018718856831      -1.6120151085993208
     0.41789923674143725     -0.85169520792609266      0.31618902689159545       0.3811143170329212
    0.071359018718856845     -0.31618902689159556      -0.9460086626034816       8.2590908170247914
                       0                        0                        0                        1

0.5 0.7389931302 -0.23265097
     0.79041681741629743       0.5572309680355686      -0.2544305465301579      -1.6913105444193763
     0.58530342260004198     -0.56446913115783637      0.58206056683355034      0.61011287460515129
     0.18072398357209934     -0.60898953047820159     -0.77231508694947248       7.8249876243974974
                       0                        0                        0                        1

0.5 -0.5526056397 -0.008793556687
     0.78524145236531273       0.6123445475649808    -0.091815121601254546      -1.7785072726348765
     0.59088426772182689     -0.69674041570433243      0.40670453068904266       0.8588288807657527
     0.18507199584500775     -0.37361336725496452     -0.90893421553066889       7.4019620453487951
                       0                        0                        0                        1

0.5 0.3381637773 -0.294132033
     0.57718544276237027      0.78877129933432488     -0.21141618199572021      -1.8530697672086103
     0.75657700130006722     -0.41908755377169976      0.50195304897714377       1.0879531247591232
      0.3073242681061889     -0.44967261382042573     -0.83865745964183813        6.964527252405956
                       0                        0                        0                        1

0.5 -0.5693215951 0.3709229504
     0.83118652964526973      0.55574919819636681    -0.016485801174006554      -1.9072712959232669
     0.52960442583258549      -0.7823611637845822      0.32776540625906808       1.2997072598452528
     0.16925751113256651      -0.2811651438313969     -0.94461529567304758       6.5167030985986942
                       0                        0                        0                        1

0.5 0.602420588 0.3621665916
     0.97070565426133959      0.20042039269473955     -0.13252244706898325       -1.948999466767521
     0.24007675556998564     -0.78682887074713281      0.56856264350885866       1.5237329921825327
   0.0096790609076698383     -0.58372253198834023     -0.81189551139852145       6.0737640543174019
                       0                        0                        0                        1

0.5 -0.7136006323 -0.4085718491
     0.80429839924942148      0.59408776815726128     0.012798776923713576      -1.9848118142340725
     0.56690244716654525     -0.77359395535482078       0.2831501503355886        1.736463459685063
      0.1781170973303825     -0.22048155470335534     -0.95899018956097271       5.6256157725767038
                       0                        0                        0                        1

0.5 -0.3980768579 0.1617358909
     0.88866687521747756      0.44347445151959375      0.11662587937760814      -1.9512052021347539
     0.43124492059486663     -0.89472021970358928      0.11620476287437043        1.837307823487051
     0.15588137589953369    -0.052973005417452007     -0.98635432646930232       5.1378889250116275
                       0                        0                        0                        1

0.5 -0.7592388829 0.3708482775
     0.97781061573373962     0.025944768378943488      0.20787801411445306      -1.8634437530074413
    0.077842241450375382       -0.966251835017369      -0.2455564635100228       1.8061066948679911
     0.19449160702813656      0.25628940734905625     -0.94683090067671671       4.6496777503139555
                       0                        0                        0                        1

0.5 0.6288217236 0.3764087273
     0.93135348035330212     -0.26782096770502389      0.24668324606940098      -1.7536674192957911
    -0.29110325013637617     -0.95464002653880575     0.062620423904884148       1.7605254182698373
     0.21872263804606648     -0.13013204443000725      -0.9670708653550868       4.1661196014189663
                       0                        0                        0                        1

0.5 -0.5272237412 0.2997577149
      0.8022790084639958     -0.58190492062792099      0.13317303002876202      -1.6552443092986393
    -0.55926022229894512     -0.81069682162527856     -0.17320123313881683       1.7312949536807083
     0.20874960199282594     0.064477335209241537     -0.97584131748566194        3.678248301296823
                       0                        0                        0                        1

0.5 -0.7602436645 0.06158408115
     0.76427980372990656     -0.63686718573191148     -0.10137341539324525      -1.6464217317362855
    -0.60491164567161992     -0.65350964826238001     -0.45498026392233099       1.5717538099289343
     0.22351349521098096      0.40905418634442037     -0.88471260310491551       3.2076387361209653
                       0                        0                        0                        1

0.5 -0.4816259006 -0.01087346456
     0.77096084083960836     -0.58604631512422301      -0.2493373185489991      -1.7346098399237393
    -0.59843156191422953     -0.53262085565052986     -0.59849368403600911       1.3071711637721952
      0.2179427622032471      0.61062651486437924     -0.76133843443491123       2.7941014640807875
                       0                        0                        0                        1

0.5 0.3060120065 -0.06299493339
     0.80738320981444889     -0.56767281125737212     -0.16087240866248875      -1.8370450825573847
      -0.560969607134852     -0.65402830960464242     -0.50750376363793093       1.0298974455431287
      0.1828809787284861      0.49999454956513928     -0.84649866983029864       2.3914365595074094
                       0                        0                        0                        1

0.5 0.7520767264 -0.2549429151
     0.92896943869686444     -0.36969552944711692     0.018466116918568976      -1.8695339714575385
    -0.35807653405367934     -0.91017468445696048     -0.20823841992720277       0.8469346560987101
    0.093792205045721874      0.18683484493126418      -0.9779037595756408       1.9304123204929131
                       0                        0                        0                        1

0.5 0.2939314023 -0.5939401557
     0.97551371047939395      0.21788532095484531     0.029983121570831647      -1.8538009169223266
     0.21942992039096768      -0.9734378826169191    -0.065339105622165883       0.7781504391632007
      0.0149502743767677     0.070318387344244226     -0.99741255942431628        1.435865252110748
                       0                        0                        0                        1

0.5 -0.4703629669 -0.3549383464
     0.84120065153593115      0.52747088273379539      0.11897870281507353      -1.8196033666277878
     0.53829428694703019     -0.79606640547954266      -0.2766180375663706      0.69091777523894027
   -0.051193012176609341      0.29673682942114382     -0.95358614166176603      0.94589011778647825
                       0                        0                        0                        1

0.5 0.5157199693 0.4578939703
     0.99245109380604191      0.11789055518344707     0.033803008767437692       -1.785828926267641
     0.11922482463760077      -0.9920359413567934     -0.04062181983214358      0.60949252649411378
    0.028744870730723557     0.044345327317323768     -0.99860263586263109      0.45511862340900006
                       0                        0                        0                        1

0.4592348193 0.02349968627 0.2252940688
     0.99374689864134769     -0.10643613361866151      0.03374093805772381      -1.7704123858147871
    -0.10544689295031746       -0.993976532758579    -0.029859757071335667       0.5933079272318118
    0.036715857716103646     0.026115163900407676     -0.99898445633884969   -0.0035696857178368901
                       0                        0                        0                        1


20
                       1                        0                        0       1.6000000000000001
                       0                       -1                        0      0.29999999999999999
                       0                        0                       -1                     8.75
                       0                        0                        0                        1

0.5 0.9225999326 0.1088333698
     0.99418768952846692     -0.10480412977364126     0.024635997492254792        1.604136994164141
    -0.10480412977364124     -0.88976581196171334      0.44422167241874028      0.41318218641902715
   -0.024635997492254782     -0.44422167241874022     -0.89557812243324642       8.2675350195679354
                       0                        0                        0                        1

0.5 0.4551464301 0.3886025354
      0.8820872950820684      -0.4623535141954821     0.090284172288881762        1.629465160533236
    -0.41190709834581668     -0.66398247743080618      0.62406715343557251      0.68240259102699574
    -0.22859253309574662     -0.58767039875761717     -0.77613720194108271       7.8482413566174021
                       0                        0                        0                        1

0.5 -0.3590884595 -0.07619970215
      0.9151584170256738     -0.40290480211401619     0.012360913418057159       1.6546814133385308
    -0.35618447313695439     -0.79391982630062352      0.49277168192068216      0.96258497930423381
     -0.1887265027578624     -0.45536691781491229     -0.87007084614790631       7.4356989528669013
                       0                        0                        0                        1

0.5 -0.1431449908 -0.09532922711
     0.94936483480935419         -0.3138932316968    -0.013321018067214467       1.6541758751109332
     -0.2773842153532271      -0.8573454479634729       0.4336090173522531       1.1943693460187821
    -0.14752764995173809      -0.4079581129861875      -0.9010026473592998       6.9927891640580961
                       0                        0                        0                        1

0.5 0.5979874949 0.2334586532
     0.85180646694777129     -0.51182611540264411      0.11162334190390034       1.6762796594896958
    -0.45035112372622571     -0.60662044017233308      0.65513014502742184       1.4696852041012141
    -0.26759971641330527     -0.60831379168728728     -0.74722468014550636       6.5782302796062604
                       0                        0                        0                        1

0.5 -0.8199126101 -0.5431437788
     0.99992348374482143    -0.012369184111312527  -0.00017303190607069474       1.6955441781540528
   -0.011645885764313968     -0.94598457837787753      0.32400239322571961       1.7203104296317233
    -0.00417133076902515     -0.32397558666610915     -0.94605624528564136       6.1500152185591181
                       0                        0                        0                        1

0.5 -0.6998365046 -0.0975456387
     0.99639563297221712     0.083904339114359738     0.012482166145254032         1.69721470395459
     0.08413853947127628     -0.99626132366387699    -0.019597988344226325       1.7971461793740537
     0.01079114310606983      0.02057758123012704     -0.99973002074619188       5.6585340088161864
                       0                        0                        0                        1

0.5 -0.6604047841 -0.2233041666
     0.95409054262809156      0.28996613217721545     0.075039180817889767       1.7162524166227109
     0.29797964776740737     -0.89355560592669681     -0.33580724922697236       1.7068780437889721
   -0.030321048531443101      0.34275066930227821     -0.93893695885761885       5.1694228836052973
                       0                        0                        0                        1

0.5 0.4022704572 -0.6264307508
     0.60016769046888097      0.79894234616021831    -0.038598844921265446        1.729659138693836
     0.78222824820732917     -0.59632390715109285     -0.18032405681591229       1.5803543660468979
     -0.1670859390366016     0.078031565869597364     -0.98284961398181125       4.6867415540710953
                       0                        0                        0                        1

0.5 0.7885853387 0.23285481
      0.7620416364433662      0.56701977145595239     -0.31269973313828808       1.6380108875784607
     0.61920035268698559     -0.77937573404117833     0.095730812281562105       1.5561881590727669
    -0.18942932074794985     -0.26657464989344837     -0.94501560223900827       4.1990938772437891
                       0                        0                        0                        1

0.5 -0.997205324 -0.5143397112
       0.359740676999735      0.92984545157681597     0.077292182616872096       1.5715559917725059
     0.91994819171972408      -0.3396347246287349     -0.19581516381009195       1.5219523031273707
    -0.15582673025954791       0.1415474832283185     -0.97759006752746158       3.7098902649472354
                       0                        0                        0                        1

0.5 -0.5415315074 0.2699054835
     0.58890721180648575      0.74754473308116687      0.30718914031084854       1.6697380498731214
     0.80446175675090681     -0.50567112529036895     -0.31166968889004365       1.3969588762510796
   -0.077650356132830195      0.43066644295809631     -0.89916452171016248       3.2374318308975489
                       0                        0                        0                        1

0.5 0.6870357655 -0.4053987555
     0.23175867681729154      0.97276264027554016    0.0045564683756758595       1.7509133237263395
     0.95657944964117292      -0.2270469543317517      -0.1827715433344749       1.2773554784285341
    -0.17675879679407291     0.046717515054163439     -0.98314485277759323        2.761332895652389
                       0                        0                        0                        1

0.5 0.3793908171 0.2561830339
     0.46933372094461884      0.86623409141559093     -0.17136031411527095       1.7083689338248358
     0.86386525446326312     -0.49062565534761488     -0.11411962340388543        1.201045830384718
    -0.18292807470533204    -0.094472033873149272     -0.97857669822067139        2.269784654651025
                       0                        0                        0                        1

0.5 -0.4011851051 0.4513033494
     0.80533649860986434      0.59240900242737549    -0.022015854510009508       1.6623228861969073
     0.57019762013154029     -0.78423364694640962      -0.2446472174243175       1.1138181367536468
    -0.16219678789399958      0.18446994562837621     -0.96936218265245566       1.7804589979429506
                       0                        0                        0                        1

0.5 -0.6682486432 -0.03701582673
      0.7831372670711978      0.59571936380199808       0.1783660856654031       1.7013642706048064
     0.59679733942578939      -0.6394138776171634     -0.48475027464136811      0.92944879744910758
    -0.17472537474148925      0.48607441066355839     -0.85627256800595952       1.3198434892445983
                       0                        0                        0                        1

0.5 0.8621866233 0.5613123708
     0.99268348718862054      0.11948054156798657     0.017432568647809732       1.7416873484475024
      0.1207095660418048      -0.9855160795122424     -0.11911027532844692      0.77221436778949148
   0.0029487165070623406      0.12034308126951015     -0.99272798281378227      0.85096849753381898
                       0                        0                        0                        1

0.5 0.4896069076 -0.08604619617
     0.97868073602380068      0.20416171668395358    -0.022405588065773214       1.7413088246435409
     0.20536414887470331     -0.97108516526660993       0.1217340057506112      0.77301766324892107
   0.0030956894031118152     -0.12374003087029888     -0.99230984146451817      0.35221656015788383
                       0                        0                        0                        1

0.3575831747 -0.8723215717 0.2739532965
      0.9977615912249419    -0.066868115803715669  -0.00067982728182401295       1.7397078358575024
   -0.065814994683762548     -0.98014609299135258     -0.18703481726289189      0.76142689177087497
     0.01184033576587273      0.18666089971562796      -0.9823530500620965   -0.0037300520056990361
                       0                        0                        0                        1


21
                       1                        0                        0       1.6000000000000001
                       0                       -1                        0     -0.29999999999999999
                       0                        0                       -1                     8.75
                       0                        0                        0                        1

0.5 -0.07963189157 -0.2120381739
     0.97760696681733816       0.2103970941511637    0.0042049022521605381       1.6007019061815904
     0.21039709415116373     -0.97681738182427358    -0.039507788329865637     -0.30991543686234768
  -0.0042049022521605381     0.039507788329865637     -0.99921041500693542       8.2501318020144794
                       0                        0                        0                        1

0.5 -0.3689399427 0.4180339178
     0.97842835626875047     -0.20653593107963081    0.0045673649187542385        1.606110830863656
    -0.20045329274701976     -0.95449588143792674      -0.2208078117841682     -0.37516650548575103
    0.049964278000474045      0.21512908099814182     -0.97530664379608623       7.7551479477624401
                       0                        0                        0                        1

0.5 -0.8230823688 -0.4693197093
     0.96531242046971444      0.26060263154176411     0.016068581779628631        1.603207031630403
     0.21971013222414312     -0.77750787270743882      -0.5892444023289507     -0.58073436231402487
    -0.14106519303127396      0.57233537048784633     -0.80779504517147704       7.3032071646029433
                       0                        0                        0                        1

0.5 -0.3175762617 0.05338251269
     0.97771891526050791       0.2031247799038009     0.052972129755636331       1.6208476708597723
     0.18057787714820017     -0.68516951171065732     -0.70564464888981404     -0.90506783754349984
    -0.10703902571709538      0.69948771541122279      -0.7065830333105394       6.9237709894427626
                       0                        0                        0                        1

0.5 0.9406204452 0.3586213744
       0.989668727938813     -0.13843579259506072      0.03730067383504955       1.6366832122483335
    -0.12013275682888325     -0.94269419700362467     -0.31128085657872306      -1.1643754029115589
    0.078255540868771289      0.30358389658258977     -0.94958564019211411       6.5019249765219609
                       0                        0                        0                        1

0.5 -0.9152519954 -0.4228016995
     0.96234645902014204      0.26347152972321952     0.066873356702804365       1.6550132083930307
     0.23439152697791268     -0.67972615496513478     -0.69500573115426589      -1.4209940019680096
    -0.13765865353240986      0.68451085256672195     -0.71588755250110547       6.0782458275913305
                       0                        0                        0                        1

0.5 -0.008173993789 0.4504566045
     0.98099949661693731     -0.18205844658928827     0.067042595883591002       1.6885683243725402
   -0.084296409998466174     -0.71121981682106217     -0.69789718972237236      -1.7692143508562712
     0.17474010100342124      0.67898534165805802     -0.71305315574282668       5.7210115946759572
                       0                        0                        0                        1

0.5 0.3948934525 -0.6211802272
     0.89962335777832714      0.43472094805905503     0.041176588715968659       1.7207336288679427
     0.38387470141482422     -0.74239159573515257     -0.54908554178333002      -2.0812183167390153
    -0.20812983388579101      0.50977682950527514     -0.83475119427660727       5.3326584799292815
                       0                        0                        0                        1

0.5 0.8713727482 0.3520929345
     0.99356189926631444     0.084853052688379837    -0.075064717249695323       1.7058767683750873
    0.071737142954922395     -0.98404100012632978     -0.16284069636008452      -2.2636097978212857
   -0.087684289624644918      0.15640738320116304     -0.98379276061230758       4.8715737621525452
                       0                        0                        0                        1

0.5 0.9677120131 -0.08238865813
     0.98500976202505564      0.11856709602915085       -0.125290113155656        1.656470503157949
     0.15253726950288579     -0.93786147817892374      0.31168610678156278      -2.2254636756084727
   -0.080549054171646289     -0.32612526962389421     -0.94188861251466183       4.3803859539980916
                       0                        0                        0                        1

0.5 0.5387522159 -0.600189436
     0.75753164517101246      0.61191599791934148     -0.22738649488233767       1.5738790594367489
     0.62490100930116832     -0.57900410383363909      0.52369168058905147      -2.0125620559545818
     0.18879760363648612     -0.53880707051242394      -0.8210008560451928       3.9372590471114273
                       0                        0                        0                        1

0.5 -0.4138341467 -0.4794214998
     0.38119518030378363       0.9222094923904457    -0.064960654692837183       1.4981048263124461
     0.84523661906913694     -0.31918809098129797      0.42859540403542484      -1.7767405460733503
     0.37452008263608488      -0.2182856264637478     -0.90115819531400188       3.5039432544750215
                       0                        0                        0                        1

0.5 -0.1238956498 -0.1325674405
     0.25576616654278239      0.96671783047684934   -0.0063485659910913761       1.4801625970093204
      0.8817425537609751     -0.23058149915209847      0.41153643962089781      -1.5669363745525828
     0.39637575220878901     -0.11085489834420693     -0.91137119472474648       3.0505335121281982
                       0                        0                        0                        1

0.5 0.7993639912 0.558526671
     0.71521503003280229      0.61331481094779938     -0.33513042757595568        1.388860686530023
     0.67479310440105467     -0.48111225198639984       0.5596295803845277      -1.3283502355260444
     0.18199375557409986     -0.62639918874519596     -0.75795931900821323       2.6245470462205707
                       0                        0                        0                        1

0.5 -0.9827501448 0.4902200076
     0.94853325301076363      0.30005096716390123     -0.10126245620577159       1.2862283140361166
     0.31481103234481039     -0.92810174404583812       0.1987993124059248      -1.1295170311868785
   -0.034331936252025463     -0.22044629686860495     -0.97479472113368781       2.1829795613068352
                       0                        0                        0                        1

0.5 -0.4466160908 0.08967507097
     0.97239491907314002      0.22955900960421041    -0.041842352590109322       1.2511086382885905
     0.22914377255308907     -0.97328415874400032    -0.014528518097917886      -1.0830285264439485
    -0.04405965116610909    0.0045395426550833007     -0.99901858826130052       1.6874308296033065
                       0                        0                        0                        1

0.5 0.1989053097 0.5153792707
     0.95809488388782515     -0.28377230693854094    -0.039082877104345111       1.2287403254161333
    -0.27985274961694895     -0.95638800226448772     0.083692458778406281      -1.0656672023381379
    -0.06112799685748007    -0.069247865954991536     -0.99572491234319827       1.1884377764383451
                       0                        0                        0                        1

0.5 0.3722727583 -0.3460235291
     0.99839892345306669      0.05382151479853161    -0.017402131839188779       1.2172441052895349
    0.056509197504357858     -0.96269249241139421      0.26463158475917192     -0.97863521334929571
  -0.0025100289182655444     -0.26519126984033375     -0.96419255864961928      0.69693480934180241
                       0                        0                        0                        1

0.5 -0.753367377 -0.3479599106
      0.9202374029660918      0.38554601472752209     0.067211551908490735       1.2244670306913206
     0.39061742624442997     -0.91542229017287935    -0.097056977950158413      -0.9374867468702367
    0.024107021723963513      0.11556946474897961      -0.9930068228976241      0.20163250871782268
                       0                        0                        0                        1

0.2051845309 0.4957218175 -0.3070474474
      0.7598672883915597      0.64992559480934164     0.014086349569034984       1.2332681756111499
     0.65006890168674447     -0.75979405288279867    -0.011109467301361947     -0.94831264794095183
   0.0034823974855284646     0.017598818586878798     -0.99983906429589842   -0.0029887525561185513
                       0                        0                        0                        1


22
                       1                        0                        0                        0
                       0                       -1                        0     -0.29999999999999999
                       0                        0                       -1                     8.75
                       0                        0                        0                        1

0.5 -0.393960902 -0.1916081268
     0.98175839048954638      0.18920566877753767     0.018753069237330899    0.0031334002418451331
     0.18920566877753769     -0.96247952117603586     -0.19451063266359889     -0.34893599647973922
   -0.018753069237330899      0.19451063266359886     -0.98072113068648947       8.2532212547719492
                       0                        0                        0                        1

0.5 -0.5724539091 0.007792092124
     0.98316226378444871      0.16866191693769086     0.070321553204845816     0.025647398609314403
     0.18201772636597263     -0.86983084930236154     -0.45854535314458739     -0.51330644518842017
   -0.016171281915804282      0.46362425667434171     -0.88588432555518437        7.783356014348751
                       0                        0                        0                        1

0.5 0.4709754791 0.4631650979
      0.9584585315286791     -0.27292465178760716     0.082881709601706599     0.059595749431639727
    -0.24651012900785441      -0.9387819424028192     -0.24066827982707004     -0.68878946470659652
     0.14349215879768198      0.21023938514227847     -0.96706225306263383       7.3176219007212797
                       0                        0                        0                        1

0.5 -0.8197844145 -0.2241337152
     0.99752782179079535    -0.069336460981703665     0.011432407088820082     0.079684514355508412
   -0.048443567926349712     -0.79635276681098566     -0.60288928628650662     -0.90212027605896772
    0.050906438491382981      0.60084500994101697     -0.79774294641137522       6.8697251165057116
                       0                        0                        0                        1

0.5 -0.1538973125 0.1110318074
     0.98366445225731713     -0.18000254456892134    0.0018246407937901818     0.083353701225861887
    -0.13372566025974508     -0.73748444659771906     -0.66199255193283824      -1.2185295363011508
     0.12050598803963267      0.65093453970055215      -0.7495081933317489       6.4827516859525049
                       0                        0                        0                        1

0.5 0.6696739323 -0.4548647758
     0.96203716818929319      0.27255421024812382    -0.014095726244062868     0.086633621264618918
     0.24673302564026137     -0.89064810076302436     -0.38192770869055837      -1.4816579189888721
    -0.11665033682218071      0.36395077013689558     -0.92408470165674328       6.0603281451882589
                       0                        0                        0                        1

0.5 -0.2037699646 -0.1105565933
     0.92607034443386338      0.37686975793354283     0.019050005649840426     0.087429183042832023
     0.34117749756283738     -0.81465966135266032     -0.46896433907231083      -1.6947036392207115
    -0.16121920579418039      0.44079340026806441     -0.88301163410411054        5.608227725373176
                       0                        0                        0                        1

0.5 0.6407945417 -0.6188687883
      0.5391694124667572      0.82246171363144338     -0.18125417035390387     0.052875456678498571
     0.78742515697332938       -0.568637244452462     -0.23793550888221562      -1.8681173343293778
    -0.29876071834459772     -0.01443654501399011     -0.95421885295894193       5.1427930690892847
                       0                        0                        0                        1

0.5 0.1616037623 -0.4446312121
     0.13660382127810608      0.95739968465696912     -0.25441155600906945     -0.05558511927276278
     0.95942244346905114     -0.19181356789883092     -0.20667880911645517      -1.9779979052255976
    -0.24667381494616511     -0.21585504161046856     -0.94475321117805566       4.6673696088711507
                       0                        0                        0                        1

0.5 0.5551027688 0.6036416236
     0.62841521905784259      0.61169584800613874     -0.48054396467808741      -0.2433516655053673
     0.66681942562507523     -0.74171926646697561    -0.072141412245235015      -2.0541097061209124
    -0.40055731932587268     -0.27510128913500675      -0.8739983493409631       4.2119914628775996
                       0                        0                        0                        1

0.5 0.6476148386 0.2675268006
     0.74462154372115763      0.24423959726833394     -0.62119705066309083     -0.52375926916259141
     0.44758034957937981     -0.87311965663319535      0.19321981231522756         -2.0256181918084
    -0.49518742643237723     -0.42191122801714254     -0.75946055090198428       3.8016401329571212
                       0                        0                        0                        1

0.5 0.7645814302 -0.4877780383
     0.60327208154807466      0.31665562458340779     -0.73197814929432536     -0.86089211821400291
     0.77771644811130936     -0.43690839285871974      0.45196037723094717      -1.8573299428531387
    -0.17669160127686584     -0.84192652391363842     -0.50984292323117963       3.4775807115101958
                       0                        0                        0                        1

0.5 0.4479570203 -0.5686782464
     0.38483583409735772      0.42750361717281926     -0.81801102565842421      -1.2473484314090268
     0.86120695159015959       0.1524765254934623      0.48484378484850799      -1.6175939511076693
      0.3319999507942365      -0.8910620441235263     -0.30949065607062654       3.2722858818917286
                       0                        0                        0                        1

0.5 -0.3197863181 0.4125773618
     0.54983639490653979       0.3592563213080654      -0.7540655372289442      -1.6399114033655866
     0.83424036487231545      -0.2810593012314575      0.47439296243619711       -1.374886986429116
   -0.041508462437027764     -0.88991042515046448     -0.45424275751478194       3.0813448310093685
                       0                        0                        0                        1

0.5 -0.9581842381 -0.007493421891
     0.54590316199644728      0.67036468934661908     -0.50259419117165682      -1.9603106283675791
     0.83707919254281127     -0.46207406564097409      0.29289244318332286      -1.1794382846318252
   -0.035890989595664412     -0.58060205058131809     -0.81339602637744179       2.7582369121591386
                       0                        0                        0                        1

0.5 -0.6033049496 -0.3988932781
     0.21736127641837988      0.94242525624222484     -0.25414309337566149      -2.1529287783708253
     0.96584709613657382     -0.17003888356539562      0.19551512719066472      -1.0610223317158898
     0.14104418597843912     -0.28796078634531341     -0.94719856583984963       2.3143946747246837
                       0                        0                        0                        1

0.5 -0.7941095075 -0.2379827938
   -0.016835434316296263      0.99048392401188545      0.13659489165191924      -2.1831137630776558
     0.98709130485226693   -0.0052971658820211709      0.16007090903305157     -0.97486108498224122
     0.15927122789892273       0.1375264931118228     -0.97760888889981601       1.8261283021802353
                       0                        0                        0                        1

0.5 0.07830384653 -0.5162004651
    -0.50474697452552852      0.85750370634791095     0.099588580203362406      -2.1242858049344036
     0.85952278216951283      0.48846887327780808      0.15039530168954451     -0.89643541594664722
    0.080318607052822982      0.16151022703935711     -0.98359715733769237       1.3358660918887348
                       0                        0                        0                        1

0.5 -0.9340349874 -0.2349019617
    -0.67817549321227655       0.5853178262323917      0.44438839172605926      -1.9829707978342934
     0.73482039275127375      0.54898041118406615      0.39832084873006313     -0.76043927445474402
   -0.010816228693476489      0.59667709058649221     -0.80240853607504026      0.88085790752423543
                       0                        0                        0                        1

0.5 0.1792687275 -0.00450729683
    -0.68089297815258132       0.6196885305584765      0.39034712423275852      -1.7741585350999161
     0.73226142775860403      0.58573391132712738      0.34743198836370293     -0.57386378105894531
   -0.013339929514037365      0.52240014377457911     -0.85259611544086877      0.46682930044498472
                       0                        0                        0                        1

0.5 0.893541533 0.3063264038
     -0.4429778705848012      0.89548374552565579     0.043352827722048626      -1.6605742098033816
       0.892714346430179      0.43611718704707447      0.11341470292641048     -0.46145100794736971
      0.0826541096975449     0.088941894861137849     -0.99260144946933049   -0.0025788511730348018
                       0                        0                        0                        1


22
                       1                        0                        0                        0
                       0                       -1                        0      0.29999999999999999
                       0                        0                       -1                     8.75
                       0                        0                        0                        1

0.5 0.8053873363 0.02458698737
     0.99970181766845423    -0.023925404069195681     0.004883727113036888   0.00081839648703303433
   -0.023925404069195678     -0.91971454816471954       0.3918580418139862      0.39931528085813728
  -0.0048837271130368854      -0.3918580418139862      -0.9200127304962652       8.2634039635823378
                       0                        0                        0                        1

0.5 0.4821121418 0.4517361909
     0.88982687449105902     -0.45185609970787655     0.063515341377174642     0.013601127460490957
    -0.39821443424805097     -0.70103530140056569      0.59158665514590791      0.64738252777052974
    -0.22278554214755103      -0.5517024300716864     -0.80373567225986531       7.8308543260751442
                       0                        0                        0                        1

0.5 0.4068483668 -0.4829585513
     0.99373071536972923     0.031468239726410933      0.10728007838964261     0.060415517778764721
   -0.057941965482075808     -0.67568392038619729      0.73491085742939832      0.97922277442520289
    0.095613774984782685     -0.73651951068526378     -0.66962453390918919       7.4609405461451281
                       0                        0                        0                        1

0.5 -0.690405841 -0.447769207
     0.89145715542318638      0.41311131234406484      0.18612679457339165      0.12824842005099418
     0.28970173479471001     -0.83551096351107457      0.46689863429842227       1.2819863540869185
      0.3483920850159149     -0.36229887312295173     -0.86450129070586279       7.0719976074347279
                       0                        0                        0                        1

0.5 -0.7787621389 -0.1881809457
     0.80729201342608881       0.4674162319578139      0.36027998995338473      0.26396630301976243
     0.45386439790301986     -0.88194288000292276      0.12721581948908783       1.4312706474844756
     0.37720911093792675     0.060817945661703454     -0.92412903001199409       6.6179537963841559
                       0                        0                        0                        1

0.5 -0.5395397879 0.1848337438
     0.86958469829811047      0.20060643115709206      0.45119786376289428      0.46984017752426399
     0.28291406327133051     -0.95131728586828712     -0.12229085988536537       1.4332830777041572
     0.40469999417975028      0.23399248147453661     -0.88400533557456484       6.1639701735725625
                       0                        0                        0                        1

0.5 -0.6243128092 0.3103882701
      0.8671352700755971     -0.21613372660308602       0.4487344823117384      0.70026118920489222
   -0.010499160210109215      -0.9086734527388648     -0.41737551907426607       1.2978100355740489
     0.49796203773561265      0.35720969823381499     -0.79021202247365441       5.7438080072386235
                       0                        0                        0                        1

0.5 0.1108164648 -0.209542134
     0.89051318693614279   -0.0061253872862877846      0.45491619395601612      0.92665907959743266
     0.18106196857040668     -0.91254128561366055     -0.36672191860860626       1.1017767395796652
     0.41737612225694426      0.40893872607172005     -0.81152097378231425       5.3434942773686842
                       0                        0                        0                        1

0.5 -0.8855164209 -0.4241191289
     0.85672885674948684      0.16041841423214623      0.49018526945223562       1.1598425789157654
     0.49514451443359453     -0.52187361751896888     -0.69460768579392029      0.82919163812165209
     0.14438689635502691      0.83780299576506001     -0.52653448552592819       5.0010185966656318
                       0                        0                        0                        1

0.5 -0.4515453116 0.07921995212
     0.86227797713265375    -0.020993397368859162      0.50599996780526735       1.4105970948892161
     0.45883093452906737     -0.39052711285867037     -0.79809945974261542      0.45477806912713115
     0.21436152563181957      0.92035202579729525     -0.32711050875753567        4.786830051393097
                       0                        0                        0                        1

0.5 0.6890190924 0.1461176701
     0.86277132454679117     0.027667151235667986      0.50483677588135145       1.6640064175141998
     0.37839492833424182     -0.69757042650295586     -0.60845113055972588     0.098722627269339502
     0.33532509561722229      0.71598186346512127     -0.61231287054765815       4.5490336920058771
                       0                        0                        0                        1

0.5 0.8842370301 -0.3011335241
     0.78382443448660133      0.48410114076706134      0.38892845281592509       1.8958963467886534
     0.60137638202701416     -0.74789294282841923     -0.28107399952244932     -0.12459012822059942
     0.15480860131742791      0.45420505454637672     -0.87734375553865096       4.1717740301453912
                       0                        0                        0                        1

0.5 0.5386948753 -0.3433075032
     0.55969216543584666      0.80083756028832831      0.21308186685208805       2.0499649313568571
     0.82797281726643923     -0.55117269548176506     -0.10329411223899246     -0.21846736406953013
    0.034723102073528231      0.23423889896173103     -0.97155877042801009       3.7070718904734949
                       0                        0                        0                        1

0.5 0.8198091746 -0.3895221579
     0.20620486270722269      0.96552038845664034     -0.15890227836766191       2.0663376096486368
     0.97827871758259966     -0.19989819084803695      0.05487680767525302      -0.2245399293949073
    0.021220398696543498     -0.16676658169495537     -0.98576802641845662       3.2108544961341581
                       0                        0                        0                        1

0.5 0.02080649836 0.2556351471
      0.4434307452165267      0.88031694925367932     -0.16855634978668321       1.9844359792293493
     0.89601501059537447     -0.44018972995262101     0.058224586147178257     -0.19636885361464809
   -0.022940684045757873     -0.17684759116519921     -0.98397086060237504       2.7184153998020024
                       0                        0                        0                        1

0.5 -0.08196653705 -0.2878608926
     0.17434712731781776      0.97603224602274496     -0.13024643534400709       1.9095716052712579
     0.98442868879766166     -0.16975695377313058     0.045636973144416643     -0.17086591660395695
     0.02243291929601663     -0.13617500273347941     -0.99043078140897578        2.224745437253123
                       0                        0                        0                        1

0.5 0.1877648141 0.04659115075
     0.21926473339208188      0.95036282432468733     -0.22075660540990077        1.821720413898958
     0.97556621833102186     -0.21033051994057569     0.063495086682642726     -0.14374164504741549
     0.01391151831427587     -0.22928491996450684     -0.97325993194781246       1.7334584679173008
                       0                        0                        0                        1

0.5 0.7223348548 0.3336572912
     0.49873991224264697      0.69097192643202199      -0.5232745902669238       1.6317933138986163
     0.85871283157502831     -0.47593981438768018      0.18998306758503014    -0.084385365246874483
    -0.11777424516673604     -0.54409474355431897     -0.83071664074578688       1.2777076640747276
                       0                        0                        0                        1

0.5 -0.9791807365 -0.3206270526
     0.22480320808479151      0.96873260237906278     -0.10497934426673849       1.4690310132709514
     0.97434663263613608     -0.22465247715923251     0.013412828815858119    -0.038692054535483536
    -0.01059042517602396     -0.10530151752994305     -0.99438394662247109      0.81242979470938548
                       0                        0                        0                        1

0.5 -0.3074939419 0.3545420668
     0.54864658117150711      0.83530225723591733     0.035455155131489072       1.4525068723885988
     0.83582511167352869      -0.5470096082542476    -0.046656952037912335    -0.044932867438951377
   -0.019578346833946984     0.055232486220663041     -0.99828155387201933      0.31323245009139294
                       0                        0                        0                        1

0.317061334 0.2569477442 -0.09649671591
     0.46556656142638592      0.88433289368159029    -0.034685876583356604       1.4527343948326701
     0.88476642578443709     -0.46600416251048216   -0.0053378204855747957    -0.053001220021754995
   -0.020884173104130585    -0.028203788320875854     -0.99938400909665726   -0.0036384512730565644
                       0                        0                        0                        1
