18
23
1 -0 0 -0.25 
0 0 -1 -0.5 
0 1 0 9.05 
0 0 0 1 

0.5 0.940097963 -0.1851302363

0.9832247772 0.1773553179 -0.04259259084 -0.2571597117 
0.04259259084 -0.4503083245 -0.89185665 -0.9818213639 
-0.1773553179 0.8750814271 -0.4503083245 8.934965871 
0 0 0 1 

0.5 0.615883695 0.4203531576

0.9668350034 -0.2535637706 -0.03058578864 -0.281008575 
-0.1983525527 -0.6700278578 -0.7153453254 -1.3864539 
0.1608923275 0.6976876693 -0.6981014074 8.645576948 
0 0 0 1 

0.5 0.9104397567 0.225504401

0.8864880791 -0.4436418585 0.131608461 -0.2593738155 
-0.3740290112 -0.8543941019 -0.3607118205 -1.658980287 
0.2724723553 0.2705413463 -0.9233451118 8.232078358 
0 0 0 1 

0.5 0.8698272966 -0.2611466606

0.9605376991 -0.1112549676 0.2549306981 -0.1566897152 
-0.127823084 -0.9905699587 0.04931953048 -1.739306707 
0.2470396483 -0.07995929636 -0.965700742 7.753437921 
0 0 0 1 

0.5 0.6069466961 0.2826167597

0.9029515949 -0.2904089715 0.3167665491 -0.01603727563 
-0.3927027933 -0.8569699791 0.3337468669 -1.641845911 
0.1745363386 -0.4257523744 -0.8878468236 7.285665988 
0 0 0 1 

0.5 0.2457776377 -0.695439499

0.8661325013 0.391858385 0.3102603686 0.1442423012 
0.2323524304 -0.8652746426 0.4441983127 -1.447402497 
0.4425232629 -0.312644845 -0.8404917386 6.854165372 
0 0 0 1 

0.5 0.5163668152 -0.4353019765

0.6053554062 0.7806001444 0.1555899956 0.2649047997 
0.5471520274 -0.550070031 0.630910152 -1.175219957 
0.5780739495 -0.2967934898 -0.7600948187 6.454189988 
0 0 0 1 

0.5 -0.7887690025 0.3540486855

0.8212964083 0.4105498652 0.3961325761 0.4089450227 
0.2848669186 -0.8967182437 0.3387436052 -0.9270833091 
0.4942904494 -0.16536384 -0.8534235479 6.048640475 
0 0 0 1 

0.5 -0.1546046282 -0.5813481078

0.4698685243 0.7636076388 0.4428622176 0.6175499743 
0.7374212046 -0.6153132 0.2785671067 -0.7736672557 
0.4852149389 0.1956860746 -0.8522167701 5.621060758 
0 0 0 1 

0.5 -0.02639673464 0.231791095

0.6320400659 0.6293919341 0.4520963928 0.8413635028 
0.5759297775 -0.7718444153 0.2693716578 -0.6365964056 
0.5184884246 0.09012209457 -0.8503221517 5.195484133 
0 0 0 1 

0.5 0.3293553074 0.3682590756

0.8288285829 0.4248255466 0.3640967388 1.044004318 
0.2688699433 -0.8731085008 0.4066823078 -0.4682796366 
0.4906649914 -0.2391752513 -0.837880102 4.771167921 
0 0 0 1 

0.5 0.007346568629 0.7114048195

0.9056159516 -0.2181326986 0.3637002531 1.225854318 
-0.3658861794 -0.8354999986 0.4099598224 -0.2641132988 
0.2144459186 -0.5043390507 -0.836453866 4.352543498 
0 0 0 1 

0.5 -0.2231196389 0.06922780522

0.8869890697 -0.3192270072 0.3336832452 1.400670247 
-0.4242652807 -0.8486561001 0.3158825658 -0.08259153028 
0.1823440754 -0.4217545988 -0.8881856205 3.920999636 
0 0 0 1 

0.5 -0.9491150146 0.2656259032

0.75526665 -0.6479961535 0.09835279583 1.515212357 
-0.6435626505 -0.7616202346 -0.07590608108 -0.02432693277 
0.124094328 -0.005966854402 -0.9922524852 3.442627829 
0 0 0 1 

0.5 -0.6423924784 -0.2502723523

0.8935679237 -0.4418970813 -0.07914123643 1.517249335 
-0.4413047942 -0.8322874969 -0.3354811489 -0.126225364 
0.08237987896 0.3347006007 -0.938716711 2.955313669 
0 0 0 1 

0.5 0.2266198718 -0.4610522887

0.9985641597 -0.004978628069 -0.05333696852 1.486200375 
-0.01720190126 -0.9727417905 -0.2312520347 -0.268574284 
-0.05073178039 0.231837491 -0.9714307305 2.477289332 
0 0 0 1 

0.5 -0.580701564 0.5224038559

0.8677925672 -0.4806819596 -0.126019499 1.447150849 
-0.4763477279 -0.7324376575 -0.4864441592 -0.4509229761 
0.1415235051 0.4821617277 -0.8645757144 2.015241126 
0 0 0 1 

0.5 -0.0217911629 -0.3492200007

0.9796449673 -0.1533723824 -0.1295092674 1.383119762 
-0.1979021565 -0.8459783921 -0.4951315952 -0.696265264 
-0.03362252943 0.5106833387 -0.8591111995 1.584306423 
0 0 0 1 

0.5 -0.9880109644 0.3075690977

0.8996107544 -0.3522882702 -0.258057097 1.290345865 
-0.3979949025 -0.4182188157 -0.8165127554 -1.033031266 
0.1797235327 0.837249065 -0.51644308 1.233657721 
0 0 0 1 

0.5 0.8666730835 -0.528145752

0.9792674847 0.06246579489 -0.1926998127 1.185204215 
-0.05065943444 -0.8455240551 -0.5315286389 -1.377817594 
-0.196134686 0.5302707768 -0.8248297329 0.8927532135 
0 0 0 1 

0.5 0.9247930446 -0.7247912989

0.727960084 0.5877466575 -0.3530268865 1.059019781 
0.5856392061 -0.800783608 -0.1255879509 -1.54122394 
-0.3565120423 -0.1153233703 -0.9271459885 0.4421649555 
0 0 0 1 

0.5 0.5195845934 0.1955473285

0.8181933443 0.3269865701 -0.4729053123 0.849709101 
0.4175321961 -0.9033891941 0.09774880633 -1.549296361 
-0.3952550021 -0.2774306163 -0.8756744466 -0.01029801221 
0 0 0 1 


25
1 -0 0 0 
0 0 -1 -0.5 
0 1 0 9.05 
0 0 0 1 

0.5 0.8802959989 -0.1187717869

0.9930679507 0.1147001348 -0.02568899323 -0.004311382376 
0.02568899323 -0.4250591505 -0.9048009694 -0.9840227517 
-0.1147001348 0.8978689201 -0.4250591505 8.941855659 
0 0 0 1 

0.5 0.9343018858 0.6949127574

0.8337580471 -0.5460957425 0.0814061362 -0.003397094234 
-0.3806915714 -0.6753795958 -0.6316140665 -1.373056808 
0.399901796 0.4956226807 -0.7709972192 8.634918948 
0 0 0 1 

0.5 0.9224409913 -0.03943131982

0.853166691 -0.4206904386 0.3084252782 0.09647938933 
-0.349069092 -0.8998039212 -0.2617320621 -1.600721701 
0.3876304507 0.1156393456 -0.9145327635 8.206207902 
0 0 0 1 

0.5 0.5203342238 -0.3797090655

0.9319321892 0.01316833198 0.3623934186 0.2689039127 
0.01808166845 -0.9997847932 -0.01016958533 -1.669784781 
0.3621815126 0.01603004156 -0.9319697365 7.74349865 
0 0 0 1 

0.5 0.03694587247 0.4800046945

0.8342767019 -0.4122078737 0.366151681 0.450711507 
-0.4456631502 -0.8951678117 0.007677591093 -1.670326944 
0.3246024355 -0.169585547 -0.9305235092 7.277731917 
0 0 0 1 

0.5 -0.884320776 0.1329630977

0.7635770681 -0.6322795245 0.1310445115 0.5790794914 
-0.5568549696 -0.747534531 -0.3620837854 -1.761658106 
0.3268984611 0.2035060878 -0.9228882209 6.80748084 
0 0 0 1 

0.5 0.7725133682 -0.5253311075

0.9581779982 -0.08215274715 0.2741274337 0.6892896144 
-0.08178692082 -0.9965678487 -0.01278368376 -1.859411614 
0.2742368016 -0.01017099419 -0.9616084065 6.33289314 
0 0 0 1 

0.5 0.8042049096 -0.02914499494

0.9585218848 0.05887491836 0.2788719067 0.8299086905 
-0.05341422737 -0.9239917658 0.3786636198 -1.766722364 
0.2799691352 -0.377853094 -0.8825215706 5.865683648 
0 0 0 1 

0.5 0.8011991954 -0.0223801015

0.955769056 0.183822809 0.229596791 0.9591170686 
-0.03494716954 -0.704120029 0.7092204735 -1.491071434 
0.2920345987 -0.6858747405 -0.6665520486 5.473260007 
0 0 0 1 

0.5 -0.8035592353 -0.4064097222

0.826496091 0.4349386218 0.3573969878 1.101638567 
0.2950427709 -0.8753675889 0.3829900099 -1.215136262 
0.4794308866 -0.2110923485 -0.8518133865 5.085676799 
0 0 0 1 

0.5 0.9852772765 -0.7007620528

0.3088042037 0.9511031272 -0.006542562465 1.200079158 
0.7058701797 -0.2245606781 0.6718033873 -0.9379127751 
0.6374851003 -0.2120739098 -0.7407006168 4.687527899 
0 0 0 1 

0.5 0.7444696822 0.1199850792

0.4176964942 0.8407991628 -0.3443637708 1.110637407 
0.6894033187 -0.04641356517 0.7228892344 -0.5864695269 
0.5918215127 -0.5393538253 -0.5990365166 4.347504587 
0 0 0 1 

0.5 0.7407610607 0.7299230876

0.8159415469 0.1887844308 -0.5464428889 0.8777593308 
0.5779386925 -0.2417561175 0.7794490666 -0.2139337878 
0.01504193717 -0.9517953658 -0.3063646876 4.114717047 
0 0 0 1 

0.5 -0.5735439048 0.02741805672

0.8228752251 0.3134874669 -0.4739219049 0.6211760117 
0.5681426132 -0.4678665592 0.6769895522 0.1528813668 
-0.009504471154 -0.8263331597 -0.5631013889 3.895849324 
0 0 0 1 

0.5 -0.0296574384 0.2919096736

0.8792960435 0.07032009933 -0.4710557838 0.385082048 
0.4080151157 -0.6214147883 0.6688552356 0.4894375709 
-0.2456870636 -0.7803196425 -0.5750992282 3.611270699 
0 0 0 1 

0.5 -0.4391671196 0.2080989575

0.8854937564 -0.01121003285 -0.4645160305 0.1519361796 
0.2567299623 -0.8214522327 0.5092209303 0.7857896158 
-0.3872861138 -0.5701671374 -0.7245128719 3.284441983 
0 0 0 1 

0.5 -0.3740287824 0.05133072657

0.8859816216 0.03015912276 -0.4627385801 -0.08020003473 
0.2120543622 -0.9137850133 0.3464533113 1.000428109 
-0.4123948516 -0.4050770011 -0.8159921014 2.898028506 
0 0 0 1 

0.5 -0.7650108696 -0.7613721916

0.5606650499 0.7720572881 -0.2993029331 -0.2826801739 
0.8162416572 -0.5761143812 0.04291592646 1.092322452 
-0.1392991703 -0.2683649822 -0.9531925186 2.453526644 
0 0 0 1 

0.5 -0.5911451234 -0.2797668146

0.3167372041 0.9476009044 -0.04159410398 -0.3700723364 
0.9432517754 -0.3192897064 -0.09126977394 1.077062294 
-0.09976788958 -0.0103251794 -0.9949571643 1.963302521 
0 0 0 1 

0.5 0.8220127015 -0.4798661309

-0.1396321004 0.8907681673 -0.4324753735 -0.4895695191 
0.990143795 0.1303969876 -0.05110666042 1.049220918 
0.0108692997 -0.4353489379 -0.9001961789 1.482186649 
0 0 0 1 

0.5 -0.8422226827 0.0538837834

-0.08802995691 0.9956898875 -0.02919545377 -0.6068337686 
0.9961161183 0.08793768917 -0.004431893009 1.036083531 
-0.001845410313 -0.02947220143 -0.9995638968 1.000103507 
0 0 0 1 

0.5 0.02603767905 0.7690718104

0.6290567105 0.7762597062 -0.04133428934 -0.6245864251 
0.7769047023 -0.6296177916 -0.0007210844621 1.034402154 
-0.02658455279 -0.03165920074 -0.9991451129 0.5004250562 
0 0 0 1 

0.5 -0.02965942444 0.5595893098

0.9453304134 0.3244449555 -0.03295269964 -0.6428775249 
0.3241983488 -0.9459036293 -0.0127182846 1.031238775 
-0.03529646147 0.001339770424 -0.9993759877 0.0007742835147 
0 0 0 1 

0.2012123638 0.4126631534 0.4816728929

0.9873156605 -0.153598587 -0.04019030441 -0.6509043947 
-0.1506068451 -0.9861736745 0.06913075927 1.036857927 
-0.05025300713 -0.0622009463 -0.9967977115 -0.2001419509 
0 0 0 1 


23
1 -0 0 0.25 
0 0 -1 -0.5 
0 1 0 9.05 
0 0 0 1 

0.5 0.8442150638 -0.1474066338

0.9893154257 0.1425443057 -0.03059590444 0.2448664593 
0.03059590444 -0.4081839704 -0.9123868351 -0.9852998055 
-0.1425443057 0.9017022608 -0.4081839704 8.946219377 
0 0 0 1 

0.5 0.7221185421 0.6533943007

0.8690414209 -0.4934375495 0.03586632896 0.236526205 
-0.3209680741 -0.6174859157 -0.7181160347 -1.39610393 
0.3764923694 0.6125606326 -0.6949985375 8.666032918 
0 0 0 1 

0.5 0.9927551001 0.2590132268

0.7216567134 -0.6147242266 0.3183170011 0.3225503336 
-0.5071608509 -0.782467456 -0.361292889 -1.669386336 
0.4711681859 0.09929151769 -0.8764369545 8.262502529 
0 0 0 1 

0.5 0.8548105522 -0.1079263033

0.7745147566 -0.3488832312 0.5276432345 0.5387900402 
-0.4143155988 -0.9101108531 0.006389032882 -1.760392841 
0.4779848078 -0.2235592229 -0.8494420506 7.825264566 
0 0 0 1 

0.5 -0.1256202506 -0.6490405856

0.838189657 0.1596730596 0.5214811722 0.7997306766 
0.2197465836 -0.9740069635 -0.05497157538 -1.772370057 
0.4991488134 0.1606703119 -0.8514901719 7.399018748 
0 0 0 1 

0.5 0.2831471688 0.461549344

0.8382080891 -0.1595947464 0.5214755184 1.058579164 
-0.2372615193 -0.9677016014 0.08520904902 -1.764773349 
0.4910337777 -0.1951489879 -0.8490010021 6.971788814 
0 0 0 1 

0.5 0.4277270464 -0.5414302924

0.7710423627 0.4006530779 0.4949452355 1.317705136 
0.2865957985 -0.9124265205 0.2921312941 -1.669942903 
0.5686444611 -0.08339637824 -0.8183449889 6.555953812 
0 0 0 1 

0.5 0.2365213167 -0.4898177196

0.4784067752 0.7688324775 0.424291856 1.549336347 
0.6729019181 -0.631402891 0.3854003087 -1.499169356 
0.5642073786 0.1011286849 -0.8194162697 6.14742662 
0 0 0 1 

0.5 -0.02232052479 -0.1446868632

0.362900025 0.8250091932 0.4332013424 1.763683515 
0.7572169243 -0.5320336195 0.3788967632 -1.308141312 
0.5430709911 0.1905257433 -0.8177859377 5.738084483 
0 0 0 1 

0.5 0.7847055015 -0.6618156856

-0.2599637033 0.9634990522 0.06394098413 1.890255789 
0.8709770468 0.2053796376 0.4463386476 -1.089656569 
0.4169146878 0.1717229773 -0.8925768102 5.310183332 
0 0 0 1 

0.5 0.2662748387 -0.5544752356

-0.7291204277 0.6826497741 -0.04871024274 1.892496984 
0.616839182 0.6863239791 0.3853165184 -0.8790602188 
0.2964672419 0.2508957584 -0.9214979614 4.857106241 
0 0 0 1 

0.5 0.07412856445 -0.3460778571

-0.9170955972 0.3926785466 -0.06884202693 1.862660194 
0.3450700179 0.8683551821 0.3562105563 -0.6933967619 
0.1996555744 0.3029238134 -0.9318663074 4.393845685 
0 0 0 1 

0.5 -0.05752027268 0.2943847273

-0.76343602 0.6436363566 -0.05383013949 1.83169098 
0.5806487253 0.7204408417 0.3792255945 -0.5093602137 
0.2828648109 0.2582580766 -0.9237371188 3.929998432 
0 0 0 1 

0.5 -0.2470661313 0.4762109006

-0.3827604304 0.922754909 0.04492027245 1.828021002 
0.8346043954 0.3245275105 0.445103806 -0.3012317458 
0.3961438578 0.2078587812 -0.8943515925 3.475736722 
0 0 0 1 

0.5 0.1783376243 -0.3299045527

-0.6613175099 0.7494910368 -0.03037000071 1.831013575 
0.6781521021 0.6146936846 0.4028168323 -0.08817140803 
0.3205758529 0.2457943447 -0.914776619 3.023595889 
0 0 0 1 

0.5 0.3170552771 0.1142012263

-0.5722435429 0.805491133 -0.1540174089 1.785286856 
0.7471316814 0.5894967133 0.3070633089 0.08913208729 
0.3381295289 0.06064371014 -0.9391436323 2.558892069 
0 0 0 1 

0.5 0.5244097444 -0.1189204998

-0.6603118468 0.6653924322 -0.3481970364 1.65820052 
0.6679919677 0.7322649092 0.1325701093 0.2006023725 
0.3431836187 -0.1450552098 -0.9279999946 2.089855748 
0 0 0 1 

0.5 0.09295456903 0.7505134189

-0.03509864808 0.9214472375 -0.3869148141 1.474923158 
0.9899945365 0.08500262622 0.1126293532 0.2606368064 
0.1366707817 -0.379090414 -0.9152112081 1.628595397 
0 0 0 1 

0.5 0.5101336115 0.01074270192

-0.02583219725 0.7943349063 -0.6069306008 1.225109412 
0.9909944636 0.1001445382 0.08888781986 0.3111771997 
0.1313874828 -0.5991686975 -0.7897684479 1.200008994 
0 0 0 1 

0.5 -0.1314607337 -0.5320075291

-0.4352655696 0.7078309979 -0.5563444637 0.934528702 
0.8048339331 0.5828579248 0.1118882462 0.3600428024 
0.4034677486 -0.3990638017 -0.8233843926 0.7961701004 
0 0 0 1 

0.5 -0.2439060225 -0.6547026114

-0.7966943117 0.3551581988 -0.489020273 0.6749929688 
0.288918839 0.9344872872 0.2079889768 0.4382119989 
0.5308522187 0.02441646515 -0.8471126006 0.3763779139 
0 0 0 1 

0.5 0.678215859 0.1110440125

-0.7623376595 0.2570555929 -0.5939391509 0.4028640218 
0.392612121 0.9132613523 -0.1086711777 0.4627408985 
0.5144871381 -0.3160318411 -0.7971366634 -0.03950500449 
0 0 0 1 


17
0 -0.99999041 0 -1.8 
-0.7071 0 0.7071067812 1.330325 
-0.7071 -0 -0.7071067812 5.523225 
0 0 0 1 

0.5 0.9539049594 0.7269282156

-0.6387399711 -0.6452560213 0.4190903676 -1.68808732 
-0.4167005379 0.7480018478 0.5165697507 1.651299901 
-0.6468023182 0.1553128822 -0.7466693243 5.162907109 
0 0 0 1 

0.5 0.908002642 -0.1534037827

-0.550444441 -0.4837809607 0.6804026157 -1.41014774 
-0.5399419169 0.8278885099 0.1518346192 1.819918003 
-0.636753134 -0.2838120317 -0.7169285787 4.78866886 
0 0 0 1 

0.5 0.6390514709 -0.5067127254

-0.3045834002 -0.457440029 0.8354390415 -1.030834518 
-0.8794594181 0.4718741431 -0.06226021964 1.837543187 
-0.3657368386 -0.7537099161 -0.5460296121 4.466635554 
0 0 0 1 

0.5 0.7280467334 0.3677778557

-0.3905805624 0.0002642575025 0.920558295 -0.5848617088 
-0.6594695062 0.6976302358 -0.2800043474 1.755416613 
-0.6422831288 -0.7164579408 -0.2723064663 4.262619096 
0 0 0 1 

0.5 -0.8185795592 -0.6671837304

-0.1887558112 -0.5740610645 0.7967471105 -0.1456394714 
-0.9757097897 0.2014550539 -0.08600393935 1.672463865 
-0.1111289278 -0.7936372418 -0.598147724 4.046335383 
0 0 0 1 

0.5 -0.04058907507 0.5587732465

-0.4687643741 -0.4019166664 0.786577253 0.250045289 
-0.7200471508 0.6896642733 -0.07671832116 1.6313683 
-0.511637859 -0.602347916 -0.6126941319 3.743462315 
0 0 0 1 

0.5 0.690687784 0.1068337639

-0.4937746447 -0.06118266546 0.8674238305 0.668459205 
-0.645297289 0.6944315496 -0.3183498732 1.532669999 
-0.5828883825 -0.7169528769 -0.3823743138 3.493042512 
0 0 0 1 

0.5 -0.745214988 -0.7410390073

-0.2124349415 -0.6540890325 0.7259612615 1.076117841 
-0.977126571 0.1492037118 -0.1515002526 1.423770977 
-0.009212178918 -0.7415485277 -0.6708288357 3.230128031 
0 0 0 1 

0.5 -0.7776540266 -0.1057325541

-0.1292394154 -0.8982576964 0.4200132192 1.366578015 
-0.9901627837 0.09403920081 -0.1035601297 1.360902037 
0.05353598517 -0.4292705275 -0.9015825655 2.831952182 
0 0 0 1 

0.5 -0.9020805988 -0.7535308001

0.5652124379 -0.8249223728 0.004335755455 1.471268995 
-0.8052542667 -0.5528624721 -0.2142406658 1.293768484 
0.1791384352 0.1176065332 -0.9767643188 2.351953227 
0 0 0 1 

0.5 -0.8811630239 0.7298088779

-0.1087877044 -0.9088982678 -0.402554337 1.373274944 
-0.9274342512 0.2385625696 -0.2880000348 1.153500599 
0.3578094552 0.3420128095 -0.8689016296 1.886366412 
0 0 0 1 

0.5 -0.2002445157 -0.06671411477

-0.04939856355 -0.8693606347 -0.4916835249 1.149550497 
-0.9422106598 0.203879932 -0.265824107 1.015189286 
0.3313536315 0.450140491 -0.8291976358 1.461390404 
0 0 0 1 

0.5 0.2206531842 0.5945650164

-0.5425305385 -0.7385786663 -0.4001786958 0.9271898349 
-0.6751751366 0.6668340642 -0.315374818 0.8720308119 
0.4997931664 0.09908479106 -0.8604530231 1.037354035 
0 0 0 1 

0.5 -0.8549271398 0.4259781935

-0.7553080796 -0.2299240303 -0.6136981874 0.664605505 
-0.3207750074 0.9462942718 0.04026109658 0.7982444447 
0.5714906426 0.2272616766 -0.7885055395 0.6228174596 
0 0 0 1 

0.5 -0.6186771174 -0.505444732

-0.5986763699 -0.3716097061 -0.7095587717 0.3356282454 
-0.7287220278 0.6203993173 0.2899298246 0.8850174616 
0.3324792175 0.6906459156 -0.6422275292 0.2591263326 
0 0 0 1 

0.5 0.7369363257 0.09721316731

-0.6436940425 -0.5433191028 -0.5389277801 0.02086397792 
-0.661328212 0.749297072 0.03448628544 0.9681052421 
0.3850899852 0.3786032067 -0.8416387142 -0.1166426054 
0 0 0 1 


16
0 -0.99999041 0 -1.8 
-0.7071 0 0.7071067812 1.15355 
-0.7071 -0 -0.7071067812 5.34645 
0 0 0 1 

0.5 0.3806254799 0.7142661787

-0.6509687547 -0.7390104752 0.17344745 -1.754549551 
-0.4888809108 0.5829514651 0.6489633691 1.497232818 
-0.5807030535 0.3376573765 -0.7407846312 4.987179372 
0 0 0 1 

0.5 0.6663694247 -0.1027581637

-0.5760957939 -0.7034615029 0.4162167347 -1.606638986 
-0.5560198106 0.7105192432 0.4312711273 1.769066026 
-0.599113048 0.01702208184 -0.8004774916 4.597403514 
0 0 0 1 

0.5 0.9997032783 -0.04143397787

-0.5518916555 -0.440265595 0.708210863 -1.320027344 
-0.5881463276 0.8075669392 0.04370292833 1.889839292 
-0.5911686037 -0.3924238447 -0.7046372245 4.212561273 
0 0 0 1 

0.5 0.9080080688 0.1028652362

-0.5764534726 -0.02863255534 0.8166164281 -0.9310054577 
-0.503985597 0.7991061645 -0.3277472591 1.818667577 
-0.6431803151 -0.600507386 -0.4750793319 3.913681561 
0 0 0 1 

0.5 0.6966784843 -0.3011467684

-0.5845324257 0.08133574748 0.8072714286 -0.5234317297 
-0.6968783845 0.4592333144 -0.550868124 1.59406325 
-0.4155285063 -0.8845831771 -0.2117523868 3.737835873 
0 0 0 1 

0.5 -0.9487577383 0.382047694

-0.5849069412 -0.08323532512 0.8068064023 -0.1166391027 
-0.4343790032 0.8721881002 -0.224929343 1.391900588 
-0.6849672794 -0.4820354818 -0.5463076335 3.540314559 
0 0 0 1 

0.5 -0.1770878662 -0.4868617013

-0.4610600017 -0.4150964169 0.7842827675 0.2823625612 
-0.796205279 0.583718029 -0.1591251907 1.296955585 
-0.391743816 -0.6978286304 -0.5996352184 3.254628247 
0 0 0 1 

0.5 -0.8918675273 -0.7410632384

0.05022446583 -0.877663689 0.4766180567 0.6062916299 
-0.9961883344 -0.07806974063 -0.03878566776 1.25993035 
0.07126045715 -0.4728571446 -0.87824739 2.880924435 
0 0 0 1 

0.5 -0.8306737137 -0.2940568212

0.3236689462 -0.94183226 0.09039484132 0.7491601594 
-0.9343789423 -0.3332091354 -0.1260875659 1.223146584 
0.1488841125 -0.04364962978 -0.9878859453 2.406931105 
0 0 0 1 

0.5 -0.6534831282 -0.2335905973

0.5324954758 -0.8220362309 -0.2017072712 0.719696719 
-0.8382166518 -0.4790326543 -0.2605973345 1.128465993 
0.1176052475 0.3078488413 -0.9441337335 1.919127888 
0 0 0 1 

0.5 -0.6676896149 0.5681762662

0.03407559747 -0.8684612828 -0.4945651363 0.5462791219 
-0.9368090576 0.1446354442 -0.318527531 0.9749459802 
0.3481727993 0.4741702754 -0.808658557 1.47859933 
0 0 0 1 

0.5 0.4945557974 -0.1511551928

0.1723097337 -0.9477542733 -0.2684250606 0.3547134515 
-0.9418280247 -0.07869278676 -0.3267381629 0.8113253234 
0.2885561735 0.3091141295 -0.9061866252 1.048185035 
0 0 0 1 

0.5 -0.6730905119 -0.4895274471

0.5679364033 -0.6207908406 -0.540414465 0.1478914582 
-0.8220957509 -0.3960109871 -0.4090529115 0.6318536121 
0.03993450198 0.6765987611 -0.7352616963 0.6326392549 
0 0 0 1 

0.5 0.2252865708 -0.1649716776

0.6669714082 -0.5758443801 -0.4727929891 -0.10519931 
-0.7422609125 -0.5686295423 -0.3545413819 0.4401443193 
-0.06467690069 0.5874158067 -0.8066907577 0.2467322852 
0 0 0 1 

0.5 0.1739976965 -0.2744324305

0.8034901261 -0.4121911885 -0.4295146812 -0.3301821715 
-0.5563955097 -0.7765459159 -0.2956194974 0.2768493695 
-0.2116828138 0.4765194041 -0.8532936504 -0.1686663674 
0 0 0 1 


15
0 -0.99999041 0 -1.8 
-0.7071 0 0.7071067812 0.976775 
-0.7071 -0 -0.7071067812 5.169675 
0 0 0 1 

0.5 -0.08508680295 0.5846465181

-0.5517289626 -0.8330450796 -0.0401480656 -1.810334659 
-0.5982185481 0.3617420492 0.7150298376 1.331664213 
-0.5811286805 0.4185205326 -0.6979401339 4.8176671 
0 0 0 1 

0.5 0.8656043033 0.1816206863

-0.6901481214 -0.6631346022 0.2897048324 -1.74487009 
-0.4976273651 0.725553131 0.4753210175 1.635836902 
-0.5253983284 0.1838716601 -0.8307455803 4.431248531 
0 0 0 1 

0.5 0.7078963257 -0.7336613066

-0.1155657932 -0.8156237153 0.5669068023 -1.532991337 
-0.9046867356 0.3220642431 0.2789389607 1.818384443 
-0.4100848984 -0.4806449601 -0.7751136745 4.019873411 
0 0 0 1 

0.5 0.8276298041 0.7322471948

-0.5346924972 -0.2608484477 0.8037679023 -1.180642349 
-0.4272918363 0.9040621643 0.009148752031 1.900561692 
-0.7290454809 -0.3385636106 -0.594859461 3.679859314 
0 0 0 1 

0.5 0.8679529266 -0.05897390519

-0.5290034651 0.07100841729 0.8456322833 -0.7622722781 
-0.4783036996 0.7981770707 -0.3662367333 1.809368896 
-0.700972325 -0.598222942 -0.3882750588 3.429365354 
0 0 0 1 

0.5 0.3161893543 -0.6765180865

-0.500436835 -0.1520358341 0.8523079839 -0.3392684227 
-0.851950488 0.2616481133 -0.4535537903 1.600858238 
-0.1540416541 -0.9531108757 -0.260463505 3.264823942 
0 0 0 1 

0.5 -0.8876942038 -0.09668640708

-0.4659625876 -0.5487739363 0.6940510455 0.05468382002 
-0.8820387865 0.3500018912 -0.31543092 1.406972431 
-0.06981112163 -0.7591695866 -0.6471308648 3.034326275 
0 0 0 1 

0.5 -0.7833286114 0.2298812123

-0.6064332042 -0.6522635892 0.454721672 0.3435717169 
-0.7674515314 0.6297303596 -0.1202007954 1.293483747 
-0.2079440741 -0.421880682 -0.8824774004 2.646400861 
0 0 0 1 

0.5 -0.8536291239 0.1487985963

-0.7078131421 -0.6871030672 0.1639230029 0.498854589 
-0.6648020672 0.7264084642 0.1742393888 1.305268195 
-0.2387913898 0.01434574935 -0.9709599794 2.175257145 
0 0 0 1 

0.5 0.5304546873 0.341942086

-0.8874412379 -0.3470841205 0.3032515169 0.6194175963 
-0.3780512377 0.9245249964 -0.04817886247 1.338979604 
-0.2636403923 -0.1574108964 -0.9516858532 1.692691629 
0 0 0 1 

0.5 0.5609269491 -0.1274291587

-0.8421366716 -0.3583387672 0.4029639864 0.7958397421 
-0.4901087698 0.8202869332 -0.2948103644 1.252012242 
-0.2249015667 -0.4457789443 -0.8664241618 1.234788921 
0 0 0 1 

0.5 -0.07828577422 -0.3531786592

-0.6634977638 -0.6426008273 0.3831653876 0.9928366825 
-0.7455280364 0.6108640982 -0.2665021775 1.112026387 
-0.06280091186 -0.4624944313 -0.8843898216 0.7971127447 
0 0 0 1 

0.5 0.6783942678 0.5195991194

-0.8569487455 -0.07796858396 0.5094512416 1.224022593 
-0.3733928995 0.775271005 -0.5094340207 0.9203809843 
-0.3552427528 -0.6267977671 -0.6934821958 0.4003075664 
0 0 0 1 

0.5 -0.7690552231 -0.505412377

-0.6664544176 -0.6503421491 0.3645194349 1.451748062 
-0.7411654894 0.6308219089 -0.2296254485 0.7379461855 
-0.08060540332 -0.4232142281 -0.9024316573 -0.001954846644 
0 0 0 1 


13
0 0.99999041 0 1.8 
0.7071 -0 0.7071067812 0.976775 
0.7071 0 -0.7071067812 4.669675 
0 0 0 1 

0.5 0.5711313831 -0.527489096

-0.4964174123 0.8254253318 -0.2687444778 1.730724243 
0.5599619449 0.5410529836 0.6274509536 1.316891129 
0.6633199043 0.1609872535 -0.7308079219 4.312123428 
0 0 0 1 

0.5 0.9476038381 0.09744857826

-0.4228538767 0.6548121022 -0.6264156207 1.503552806 
0.6222521283 0.7123432872 0.3245916512 1.558296611 
0.6587698541 -0.2525428684 -0.7086852538 3.944054312 
0 0 0 1 

0.5 -0.2573116305 -0.7512070962

-0.7836836141 0.258896459 -0.5646179563 1.207937616 
-0.01483974705 0.9009281268 0.4337034727 1.746849529 
0.6209705885 0.3482597925 -0.7022115459 3.588077797 
0 0 0 1 

0.5 0.9930841466 0.1576093993

-0.7567826695 0.07471025334 -0.6493683001 0.900613028 
0.1375893933 0.9893915337 -0.04651840287 1.84548437 
0.6390089053 -0.1245611943 -0.7590405376 3.212937927 
0 0 0 1 

0.5 0.5246596085 -0.1623275219

-0.745110047 -0.2173835894 -0.6305047287 0.5774469903 
-0.0212965827 0.9526563765 -0.303286488 1.757630979 
0.6665904525 -0.2125653877 -0.7144673083 2.843597515 
0 0 0 1 

0.5 0.2991618044 -0.04343648304

-0.7329601712 -0.3409167532 -0.5886645691 0.2718844292 
-0.06150618037 0.8950194771 -0.4417550627 1.571011222 
0.6774750433 -0.2875936985 -0.6769843723 2.495266789 
0 0 0 1 

0.5 -0.578848423 0.6174749824

-0.7425354371 0.3111138202 -0.5931527085 -0.03149457685 
0.4985418773 0.8481252954 -0.1792481238 1.41633037 
0.4473007561 -0.4288217947 -0.7848721628 2.131519121 
0 0 0 1 

0.5 -0.4889404434 0.6551972913

-0.356319159 0.8193749086 -0.4490459175 -0.2972642091 
0.92109544 0.3887258347 -0.02158299832 1.370840744 
0.1568638528 -0.421312351 -0.8932413137 1.711913628 
0 0 0 1 

0.5 0.2212902592 0.4379264771

0.01332425825 0.8399781923 -0.5424388634 -0.5450400942 
0.9982527481 -0.04236171061 -0.04107732168 1.353181467 
-0.05749281716 -0.5409485427 -0.8390826301 1.278279209 
0 0 0 1 

0.5 -0.8927628864 -0.1344660298

-0.1116821977 0.9855261838 -0.1274599853 -0.7152317433 
0.9936717396 0.1092594638 -0.025869933 1.333614349 
-0.01157892705 -0.1295448864 -0.9915011149 0.8129536215 
0 0 0 1 

0.5 0.495730029 -0.15333021

-0.2569542548 0.8959324891 -0.3622986418 -0.8385980104 
0.9660450327 0.248541674 -0.07052971731 1.310954943 
0.02684743883 -0.3681256281 -0.9293832078 0.3302650528 
0 0 0 1 

0.5 -0.3371476354 -0.2271744917

-0.4580881844 0.8629869868 -0.2130481069 -0.9822029821 
0.884229107 0.4669399233 -0.009818574742 1.289331811 
0.09099975741 -0.1928874382 -0.9769871495 -0.1475600385 
0 0 0 1 


14
0 0.99999041 0 1.8 
0.7071 -0 0.7071067812 1.15355 
0.7071 0 -0.7071067812 4.84645 
0 0 0 1 

0.5 0.9452716927 -0.6327105054

-0.5689549262 0.7040151572 -0.425010318 1.687857228 
0.4724260764 0.7028424465 0.5318049527 1.477265174 
0.6731159637 0.1017813265 -0.7324929153 4.488575622 
0 0 0 1 

0.5 0.776922483 0.1968519219

-0.4398517526 0.5868667943 -0.679778362 1.409757888 
0.6174543744 0.7472722728 0.2456107811 1.672340527 
0.6521206658 -0.3117099464 -0.6910614709 4.125973052 
0 0 0 1 

0.5 0.2332245028 -0.5941730468

-0.6694925571 0.162346793 -0.724847608 1.056526004 
0.08612822068 0.9862035117 0.1413328451 1.770244519 
0.7377984401 0.03218230403 -0.6742463726 3.786327311 
0 0 0 1 

0.5 0.07756472006 -0.07096746753

-0.6783194012 0.08627508767 -0.7296713091 0.6927733342 
0.01580496532 0.9945610496 0.1029025346 1.831316871 
0.7345874813 0.05825937679 -0.6760011001 3.448807586 
0 0 0 1 

0.5 0.4107572758 0.126953387

-0.6714992345 0.02064606402 -0.7407046227 0.3246171882 
0.1420528901 0.9846535614 -0.1013348427 1.831623929 
0.7272508911 -0.1732766062 -0.6641323431 3.111790941 
0 0 0 1 

0.5 0.453345648 0.1519052367

-0.6733755604 -0.04519649513 -0.7379047713 -0.04565779662 
0.2864150835 0.9042261966 -0.316751946 1.726341675 
0.6815526919 -0.4246528197 -0.5959415414 2.794395346 
0 0 0 1 

0.5 -0.9033149108 0.7366456987

-0.4157597687 0.700555867 -0.5799535429 -0.3893345417 
0.8491612199 0.5273667662 0.02828297176 1.661406425 
0.3256570059 -0.4807248038 -0.8141508383 2.442940842 
0 0 0 1 

0.5 -0.812490643 0.6852526745

0.1842147312 0.9569488829 -0.2242645501 -0.5947756082 
0.9807323126 -0.1638851331 0.1062836025 1.706874469 
0.06494556668 -0.2395232215 -0.9687110559 1.99309873 
0 0 0 1 

0.5 -0.4999494981 0.06478024167

0.2469407879 0.9688574791 0.01778348624 -0.6465200476 
0.9673312149 -0.2475534383 0.05457129114 1.747960619 
0.0572654392 0.003729053517 -0.998347221 1.498797719 
0 0 0 1 

0.5 -0.9877452315 -0.4143795456

-0.1460153842 0.8615943412 0.4861229462 -0.5183207332 
0.9881324717 0.1506579036 0.02977959661 1.760796607 
-0.04759026464 0.4847053511 -0.8733763789 1.02090003 
0 0 0 1 

0.5 -0.8941755746 -0.2120234723

-0.2955399739 0.519962594 0.8014211406 -0.1900444482 
0.9370992292 0.3208720985 0.1373919248 1.799405611 
-0.1857257895 0.7916204535 -0.5820939776 0.6512915568 
0 0 0 1 

0.5 0.7128785998 -0.6306744815

-0.6254855407 0.4801988767 0.6149452798 0.1634513698 
0.5588393147 0.8257442848 -0.07638983278 1.822220727 
-0.544480443 0.2958697814 -0.7848519157 0.3021271597 
0 0 0 1 

0.5 0.423826009 0.1593376663

-0.5316500329 0.69071293 0.4901476419 0.4415855594 
0.6805406738 0.6928872186 -0.2382479877 1.742386806 
-0.5041893635 0.2068961953 -0.8384375112 -0.1044817298 
0 0 0 1 


15
0 0.99999041 0 1.8 
0.7071 -0 0.7071067812 1.330325 
0.7071 0 -0.7071067812 5.023225 
0 0 0 1 

0.5 0.9184853388 -0.464862235

-0.4324745149 0.7939817785 -0.4272464738 1.689218041 
0.5605487876 0.6079174383 0.5623271779 1.659399694 
0.7062095115 0.003693886082 -0.7079865049 4.66952287 
0 0 0 1 

0.5 0.9314437746 -0.09120593925

-0.4915323897 0.4766656616 -0.7288117569 1.394022702 
0.4931525536 0.8421322395 0.218184005 1.859089598 
0.7177588541 -0.2521813681 -0.6490124768 4.325289107 
0 0 0 1 

0.5 0.7808315516 -0.2972071765

-0.5648652584 0.006873470476 -0.825142906 0.9978609321 
0.2190340797 0.9653384246 -0.1419021069 1.880172396 
0.795572322 -0.260901747 -0.5467955458 4.026194671 
0 0 0 1 

0.5 -0.6438492858 0.1343210675

-0.5412564376 0.3410830428 -0.7685601126 0.5949431308 
0.3471668199 0.9231346118 0.1651910944 1.886561896 
0.7658323373 -0.1774183812 -0.6180727782 3.733855506 
0 0 0 1 

0.5 0.7121447069 -0.7725601601

-0.5226098351 -0.3864085895 -0.7599659086 0.2018858482 
-0.4019435019 0.8977780666 -0.1800732475 1.882460542 
0.7518736388 0.2113487256 -0.6245063311 3.429049398 
0 0 0 1 

0.5 -0.8483479829 -0.7653792139

-0.2353229488 -0.3157703763 -0.9191806129 -0.2191654651 
-0.9216926392 0.3725789497 0.1079722888 1.873838292 
0.3083846935 0.8726151578 -0.378724276 3.166402653 
0 0 0 1 

0.5 0.9624363035 0.1379007567

-0.3047477366 -0.6699957561 -0.676916039 -0.6253219562 
-0.8603422102 0.4985389466 -0.1061160218 1.876838564 
0.4085784622 0.5500413176 -0.7283602125 2.883136506 
0 0 0 1 

0.5 0.668276445 0.7543917211

-0.7534370657 -0.4512832548 -0.4781807525 -0.9110160274 
-0.3068868913 0.8845512951 -0.351254683 1.767932097 
0.5814992801 -0.1179105067 -0.8049509983 2.490401943 
0 0 0 1 

0.5 -0.09561806498 -0.3661603569

-0.5461263954 -0.6681693041 -0.5052490093 -1.156440436 
-0.6061634361 0.7315058692 -0.3121785739 1.602379351 
0.5781921141 0.1357688032 -0.8045191864 2.087527904 
0 0 0 1 

0.5 0.3713476295 -0.3956462381

-0.2297709014 -0.9054778208 -0.3567857465 -1.373790912 
-0.8284770026 0.3743484984 -0.4165086647 1.417435589 
0.5107144094 0.1998855414 -0.8361859676 1.677849235 
0 0 0 1 

0.5 0.8163083703 0.5521563229

-0.6963431943 -0.7175970159 -0.01189531217 -1.462740604 
-0.5613523425 0.5549036681 -0.6139673254 1.162911592 
0.4471915448 -0.4208638648 -0.7892298395 1.260854661 
0 0 0 1 

0.5 0.01913202181 0.654070023

-0.9892593491 -0.1459069163 -0.007611307347 -1.467387751 
-0.109741245 0.7764259708 -0.6205723012 0.8543656162 
0.09645738496 -0.6130850018 -0.7841002254 0.8674449766 
0 0 0 1 

0.5 -0.6376137347 -0.762491749

-0.6195452867 -0.7680090096 -0.1621931533 -1.501479469 
-0.6777332383 0.6276237563 -0.3830880946 0.6054500233 
0.3960216815 -0.1274239733 -0.90935162 0.4375560228 
0 0 0 1 

0.5 -0.7676648973 -0.4185451218

-0.2749592434 -0.8340878741 -0.4782004315 -1.66051534 
-0.8986975026 0.3997137294 -0.1804498359 0.4682302538 
0.341666193 0.3801409955 -0.8595041862 -0.01281939513 
0 0 0 1 


16
0 0.99999041 0 1.7 
0.7071 -0 0.7071067812 -1.023225 
0.7071 0 -0.7071067812 6.069675 
0 0 0 1 

0.5 0.03807135951 0.5356489418

0.5103628718 0.8597567131 -0.01813707342 1.695353969 
0.6115843803 -0.3480560769 0.7105011774 -0.6691004031 
0.6045453708 -0.3737060181 -0.7034622354 5.716734911 
0 0 0 1 

0.5 -0.5292481645 -0.4754110406

0.06411673073 0.9710063499 0.230253194 1.747150265 
0.7451848828 -0.200051442 0.636136244 -0.3340810563 
0.6637540349 0.130797396 -0.7364190603 5.351174289 
0 0 0 1 

0.5 0.8862007633 -0.759238522

-0.6353783861 0.7513974705 -0.1779802455 1.756110768 
0.5766645454 0.6150079814 0.5377858263 -0.02535504074 
0.5135495758 0.2390589877 -0.8240801197 4.963074502 
0 0 0 1 

0.5 0.5921483207 -0.4996587842

-0.90015832 0.2784846068 -0.3348763096 1.622029512 
0.1777002518 0.9367945643 0.3013784579 0.1884282241 
0.3976416771 0.2117737689 -0.8927616577 4.533525548 
0 0 0 1 

0.5 0.7648969311 0.06265472411

-0.8853608318 0.1879388658 -0.4252011291 1.430563649 
0.2381580336 0.9688618693 -0.06765973073 0.2473701935 
0.3992468126 -0.1611791774 -0.902559508 4.07873719 
0 0 0 1 

0.5 -0.4885348575 -0.1022595296

-0.9050329392 0.1945588112 -0.3782103487 1.229643324 
0.1381584918 0.9754947613 0.1712092633 0.2731899893 
0.4022550173 0.1026886813 -0.9097452093 3.62297227 
0 0 0 1 

0.5 0.5271986257 0.2291237261

-0.8491458448 0.288305483 -0.4425066132 1.025495831 
0.3586792192 0.9298035285 -0.08249258244 0.2948662955 
0.3876614244 -0.2287772709 -0.8929557606 3.168649013 
0 0 0 1 

0.5 0.7230734965 -0.6933715926

-0.7826675994 -0.4701870088 -0.4078436288 0.8013641503 
-0.2943890507 0.8569622426 -0.4230144343 0.16738091 
0.5484105648 -0.211025235 -0.8091381913 2.743395707 
0 0 0 1 

0.5 0.2462370279 -0.5037572081

-0.4468118616 -0.833198773 -0.3257603183 0.6160925351 
-0.6576481688 0.5527703193 -0.5117951447 -0.06788900992 
0.606509845 -0.01444590417 -0.7949386981 2.343389474 
0 0 0 1 

0.5 -0.5005231947 -0.2290807672

-0.2572196735 -0.8061360931 -0.5328822187 0.40114916 
-0.7793011208 0.4991186203 -0.3788941488 -0.2900008004 
0.5714246401 0.3178149424 -0.7566095117 1.952031084 
0 0 0 1 

0.5 -0.2542939894 -0.6810005099

0.2840238331 -0.7193307906 -0.6339357191 0.1089810782 
-0.9348237596 -0.06078609104 -0.3498571131 -0.4691983566 
0.2131395284 0.6919931497 -0.6897154719 1.588451481 
0 0 0 1 

0.5 -0.1788781807 -0.2342944591

0.4364358136 -0.574872542 -0.6921171585 -0.2230710486 
-0.8988533402 -0.2446560179 -0.3635883879 -0.6468737975 
0.03969535355 0.7808046478 -0.6235052453 1.259814986 
0 0 0 1 

0.5 0.90413167 0.4656807102

0.0711163583 -0.9386328546 -0.3374783664 -0.4873703367 
-0.947811054 0.04182596595 -0.3160620264 -0.8113519373 
0.3107936307 0.3423457884 -0.8866775571 0.8739518735 
0 0 0 1 

0.5 0.8076332859 0.3342910625

-0.2546295375 -0.9654050126 0.05601589312 -0.558188492 
-0.9035521544 0.2168745175 -0.3695258555 -0.9797900151 
0.3446056632 -0.1447089462 -0.9275217883 0.4121692204 
0 0 0 1 

0.5 0.3289554156 -0.3696593881

0.1080656633 -0.9700732332 0.2173949279 -0.4898678668 
-0.909574329 -0.184737925 -0.3722053856 -1.16798271 
0.4012401405 -0.1575139627 -0.9023226204 -0.04537987794 
0 0 0 1 


16
0 0.99999041 0 1.7 
0.7071 -0 0.7071067812 -0.84645 
0.7071 0 -0.7071067812 6.24645 
0 0 0 1 

0.5 0.3706944268 0.123383792

0.1223656399 0.975304315 -0.1838177447 1.65385476 
0.7097919179 0.04345444655 0.7030629804 -0.493571692 
0.6936879024 -0.216505594 -0.6869591194 5.896260112 
0 0 0 1 

0.5 -0.5391084887 -0.5285568693

-0.3927326895 0.9162537429 0.0788728928 1.628285694 
0.6405066236 0.2109768905 0.7383972012 -0.1350992952 
0.6599190279 0.3405125713 -0.6697376169 5.550792803 
0 0 0 1 

0.5 0.6541829528 -0.3676595689

-0.6948050732 0.6936690328 -0.189868384 1.597490941 
0.4800983031 0.6439341261 0.5956885685 0.2043467934 
0.5354739761 0.3227288701 -0.7804512203 5.188002239 
0 0 0 1 

0.5 0.1974272146 -0.2120526023

-0.8230333079 0.5102122535 -0.2495605145 1.486878458 
0.3278408533 0.7855474143 0.5248104847 0.4850545534 
0.4638076609 0.3501162015 -0.8138129448 4.789548947 
0 0 0 1 

0.5 0.2366005294 -0.7162862699

-0.945083359 -0.1845276334 -0.2697180325 1.35360386 
-0.288442972 0.8589759738 0.4230264038 0.7223789378 
0.1536254879 0.477589828 -0.8650419502 4.370469153 
0 0 0 1 

0.5 -0.1571826902 -0.08423613488

-0.9271163168 -0.2415879718 -0.2864810762 1.214740976 
-0.3582188939 0.795865641 0.4881265365 0.9503738822 
0.1100794364 0.5551707026 -0.824413985 3.947851063 
0 0 0 1 

0.5 0.6337837274 -0.09013970604

-0.8979442119 -0.3998108572 -0.1839246879 1.095046598 
-0.4341337307 0.8732524278 0.2212431044 1.128739948 
0.07216214043 0.2785061724 -0.9577146482 3.498659248 
0 0 0 1 

0.5 0.9800911699 -0.086187484

-0.8578183847 -0.5120280809 0.04422310738 1.057820378 
-0.5093269931 0.8354760727 -0.2062914347 1.131703324 
0.0686852025 -0.199494533 -0.9774838537 3.005059023 
0 0 0 1 

0.5 0.2525595035 -0.2676150681

-0.6930307501 -0.7104996067 0.1219815899 1.098325736 
-0.7080980774 0.6391682762 -0.3000857168 1.004074622 
0.135252109 -0.2943525112 -0.9460728704 2.523670002 
0 0 0 1 

0.5 0.2913604644 0.2808945405

-0.8597041049 -0.4663146869 0.2084233306 1.18241165 
-0.5099263062 0.7600438126 -0.4028634696 0.8290722681 
0.02945546256 -0.4526355473 -0.8912035946 2.063388499 
0 0 0 1 

0.5 -0.4345423207 0.3064226728

-0.9662251465 -0.2207464952 0.1328938337 1.265512575 
-0.2455568201 0.9451405238 -0.2154104183 0.6728241681 
-0.07805064633 -0.2407793232 -0.9674315604 1.596807258 
0 0 0 1 

0.5 -0.03105076868 0.3880512136

-0.9783051627 0.1592710907 0.1324105292 1.331592216 
0.1309538871 0.9709287656 -0.2003467535 0.5688681509 
-0.1604734324 -0.1786716144 -0.9707291804 1.112226794 
0 0 0 1 

0.5 0.8305741777 -0.4783343891

-0.9539864846 -0.2575286995 0.1535238618 1.395814966 
-0.2982765668 0.7633414031 -0.5730020961 0.3719146694 
0.03037651631 -0.5924418277 -0.8050343832 0.6610778323 
0 0 0 1 

0.5 0.08015750302 -0.3330853415

-0.8183967724 -0.548964776 0.1698387989 1.476168033 
-0.5276110146 0.6007498163 -0.600596941 0.07824287991 
0.2276831813 -0.5811467534 -0.781293306 0.2645148076 
0 0 0 1 

0.5 -0.2683851258 -0.304347059

-0.6133936366 -0.7857588287 0.07944891211 1.539816408 
-0.6950354843 0.4893085912 -0.5267762221 -0.2029761512 
0.3750542942 -0.3783493165 -0.8462721082 -0.1435125551 
0 0 0 1 


18
0 0.99999041 0 1.7 
0.7071 -0 0.7071067812 -0.669675 
0.7071 0 -0.7071067812 6.423225 
0 0 0 1 

0.5 0.9268385158 0.1931461789

0.1851318929 0.8765853428 -0.4441904309 1.586559476 
0.7251719574 0.1831850611 0.663746394 -0.3234096115 
0.6631988173 -0.4450010949 -0.6017738481 6.08737594 
0 0 0 1 

0.5 0.9709383133 -0.7359964578

-0.3522634961 0.4878855233 -0.7986607324 1.26788032 
0.3120447058 0.8657634604 0.391244351 -0.04567254613 
0.8823392034 -0.1114061215 -0.4572270948 5.829462702 
0 0 0 1 

0.5 0.3560019336 -0.611416926

-0.5251492951 0.05839838067 -0.8489927367 0.8527598334 
-0.2592017953 0.9392591072 0.2249381446 0.1089218934 
0.8105704424 0.3381807853 -0.4781210352 5.598982879 
0 0 0 1 

0.5 0.4813035801 0.013968132

-0.5257105024 -0.1383642768 -0.8393239033 0.4287057897 
-0.2458073955 0.9692962173 -0.005829025879 0.1640006521 
0.8143701806 0.203240296 -0.5435853209 5.342201909 
0 0 0 1 

0.5 0.1387768127 -0.7422312439

-0.2734066355 -0.5097085806 -0.8157369641 0.01385687098 
-0.8356678668 0.5458314177 -0.060972862 0.1460643738 
0.4763458367 0.6650159265 -0.575185945 5.063856702 
0 0 0 1 

0.5 0.603336703 -0.3558516468

-0.0385387639 -0.7862962911 -0.6166309481 -0.3477243564 
-0.9677621978 0.1830673261 -0.1729540189 0.0830062595 
0.2488897501 0.5900905909 -0.7680087219 4.727112826 
0 0 0 1 

0.5 0.4217071333 -0.3701936524

0.2701226492 -0.8559720584 -0.4408246926 -0.6127022674 
-0.9615366401 -0.2161911178 -0.1694080882 -0.006102635427 
0.0497159048 0.4696366325 -0.881453443 4.313685814 
0 0 0 1 

0.5 -0.0435067662 0.717064373

-0.3555797384 -0.8137087291 -0.4598064525 -0.8378986934 
-0.8655544982 0.4723185379 -0.1664963045 -0.09070821189 
0.3526662905 0.3387835503 -0.8722629212 3.875376357 
0 0 0 1 

0.5 0.735464239 -0.2876736685

-0.0915792802 -0.9882449245 -0.1223357047 -0.9861182728 
-0.9527284319 0.1226932641 -0.2779304013 -0.2071914707 
0.2896849901 0.09109973505 -0.9527716698 3.415308795 
0 0 0 1 

0.5 0.4783174833 -0.3204086644

0.2259574463 -0.9673534485 0.1146793713 -0.9878236169 
-0.9322374218 -0.2488902757 -0.2626355459 -0.3460456711 
0.2826156318 -0.04756201342 -0.9580483649 2.936218334 
0 0 0 1 

0.5 0.6830160287 -0.3502097094

0.5310801034 -0.7402762374 0.4122206158 -0.8528544652 
-0.7770763017 -0.6194743923 -0.1113297293 -0.4448313665 
0.3377855601 -0.2611984316 -0.9042492492 2.467591799 
0 0 0 1 

0.5 0.8556478354 -0.5447090732

0.781008421 -0.1403984956 0.6085186347 -0.5868897443 
-0.3427748993 -0.9108774918 0.2297780961 -0.4204558397 
0.5220337222 -0.3880385277 -0.7595375593 2.049365758 
0 0 0 1 

0.5 0.5838323194 0.2799933899

0.7370933182 -0.1689996152 0.6543037447 -0.2715329822 
-0.5683996629 -0.6787322597 0.4650104869 -0.2439273415 
0.3655194221 -0.7146624953 -0.5963585163 1.706408079 
0 0 0 1 

0.5 -0.6821119492 0.4454445082

0.5460598721 -0.6661054184 0.5080383919 0.02615409266 
-0.834603538 -0.4849812191 0.261190661 -0.06514493793 
0.07241726244 -0.5666371614 -0.8207730974 1.350010519 
0 0 0 1 

0.5 -0.9582762755 0.7661917226

-0.1343685838 -0.9874787686 0.0825323291 0.1803017556 
-0.9736578011 0.147050128 0.1742330515 0.03091791649 
-0.1841802576 -0.05694875404 -0.9812364048 0.8891914382 
0 0 0 1 

0.5 0.1119744293 -0.6634713947

0.5004687835 -0.8549781992 0.1361032536 0.2352720569 
-0.8607906174 -0.4746189509 0.1837573796 0.1189544644 
-0.09250400222 -0.2091186897 -0.973500279 0.4001496343 
0 0 0 1 

0.5 0.4234493673 0.7389421216

-0.1908145517 -0.9229839296 0.3341725491 0.352235078 
-0.9406295129 0.2692754607 0.2066331427 0.2231801774 
-0.2806972084 -0.2749091703 -0.9195784008 -0.07370622738 
0 0 0 1 


13
0 1 0 -1.8 
1 -0 0 -0.55 
0 0 -1 5.4 
0 0 0 1 

0.5 -0.7232262897 -0.6385652484

-0.5827744965 0.7426042577 0.3300193973 -1.713581652 
0.8051042787 0.5827744965 0.1103675073 -0.5312687477 
-0.1103675073 0.3300193973 -0.9374999791 4.910607322 
0 0 0 1 

0.5 0.5513420156 0.4423432181

-0.1935546983 0.977183791 0.08745523077 -1.606506267 
0.9809552604 0.1942322699 0.0007760963881 -0.5079660945 
-0.01622823918 0.08593988577 -0.9961681486 4.424373945 
0 0 0 1 

0.5 -0.05327471253 -0.2818941122

-0.4573857111 0.8821381747 0.112385729 -1.556440396 
0.888218169 0.4593228578 0.009539212883 -0.5056818825 
-0.0432064304 0.1041861461 -0.9936188662 3.926906913 
0 0 0 1 

0.5 -0.8628194653 0.2085897764

-0.2755415289 0.8279278246 0.488479665 -1.405245845 
0.9610262031 0.2253652208 0.16012231 -0.4590448352 
0.02248338819 0.5135621038 -0.8577578113 3.456675727 
0 0 0 1 

0.5 0.6907720026 0.3712824346

0.06809099343 0.9832929885 0.168815033 -1.238676656 
0.9863769823 -0.09174614864 0.1365397124 -0.3894625844 
0.149746671 0.1572181382 -0.9761446571 2.993049821 
0 0 0 1 

0.5 0.6497509601 -0.242254693

-0.1721730064 0.9730507229 -0.1533908294 -1.23495963 
0.974149689 0.1913065833 0.1201423097 -0.3214500129 
0.1462492368 -0.1287403661 -0.9808348887 2.499923427 
0 0 0 1 

0.5 -0.6306459112 0.4511614392

0.2727182788 0.9491063122 0.1575498291 -1.233603687 
0.9511704144 -0.2905887581 0.1040817776 -0.259030427 
0.1445668812 0.121471733 -0.9820107102 2.005907906 
0 0 0 1 

0.5 -0.8732715086 -0.6577044103

-0.323177823 0.7678401766 0.5531523822 -1.05259556 
0.941972863 0.3170895248 0.1101878333 -0.2166351768 
-0.09079218062 0.5566647972 -0.8257609118 1.545963985 
0 0 0 1 

0.5 -0.1761930245 -0.2278112081

-0.4824986263 0.623908193 0.6147630782 -0.7600878398 
0.8472307007 0.5105315214 0.1468254252 -0.1530926344 
-0.2222503439 0.5916892195 -0.7749249333 1.145663832 
0 0 0 1 

0.5 -0.1232620976 -0.08133069838

-0.5300196807 0.543665959 0.6507737419 -0.4434975401 
0.8033488511 0.5676287587 0.18007836 -0.071513337 
-0.271495417 0.6182434127 -0.737607837 0.7674624373 
0 0 0 1 

0.5 0.6665568375 0.4177292962

-0.2241842131 0.8855965563 0.4067679659 -0.1743411052 
0.9731391861 0.2258533157 0.04461394587 -0.0201091036 
-0.052359937 0.4058435896 -0.9124414599 0.3519864671 
0 0 0 1 

0.5 0.02425395511 0.104922472

-0.1299465127 0.9090633341 0.3958759382 0.02633173054 
0.9914690627 0.1232202946 0.04249537206 0.001616356724 
-0.01014896513 0.3980208708 -0.9173202194 -0.1054579062 
0 0 0 1 


12
0 1 0 -1.8 
1 -0 0 -0.3 
0 0 -1 5.4 
0 0 0 1 

0.5 0.1245243251 -0.6633355682

-0.6153385754 0.7861441089 -0.05775705728 -1.81499821 
0.7880117509 0.6153385754 -0.019897692 -0.3033661405 
0.019897692 -0.05775705728 -0.9981323581 4.900315953 
0 0 0 1 

0.5 0.07919476693 -0.624242083

-0.9579781653 0.2756064522 -0.07949162405 -1.850158256 
0.2800971912 0.9585559323 -0.05211610235 -0.3207995906 
0.06183363374 -0.07219146873 -0.9954722465 4.40189083 
0 0 0 1 

0.5 -0.4080933663 -0.0463408015

-0.9700065835 0.2416267217 -0.02652838747 -1.876374154 
0.235455217 0.9610904944 0.1444503458 -0.2977375941 
0.06039924453 0.1338715392 -0.9891563791 3.903980458 
0 0 0 1 

0.5 -0.06940081529 -0.65200316

-0.9179226899 -0.3956759084 -0.02930035616 -1.889403281 
-0.3943118902 0.9015795944 0.1779673235 -0.2170465153 
-0.04400077916 0.1749137231 -0.9836000818 3.410731576 
0 0 0 1 

0.5 0.880730737 0.3225676689

-0.9947593102 -0.0688415082 0.07559604191 -1.871802426 
-0.08538164623 0.9660647442 -0.2437804022 -0.2323106575 
-0.05624846033 -0.2489573392 -0.9668796998 2.915295308 
0 0 0 1 

0.5 -0.1787772281 0.1037399708

-0.9968841559 0.02794070261 0.07376514673 -1.834822709 
0.01611221511 0.987573902 -0.1563271715 -0.3324176874 
-0.0772164248 -0.1546515605 -0.9849469623 2.426987288 
0 0 0 1 

0.5 -0.3765318552 0.3408439615

-0.9327581895 0.3435705708 0.1091852683 -1.791567316 
0.348307543 0.9369867126 0.02716166385 -0.3643112311 
-0.09297319722 0.06336531691 -0.9936502509 1.930623433 
0 0 0 1 

0.5 0.1048916308 0.1517200865

-0.8697092193 0.4857661139 0.08739082607 -1.742112427 
0.4859650595 0.873739583 -0.02042307503 -0.3627648536 
-0.08627766172 0.02470675135 -0.9959647291 1.433135173 
0 0 0 1 

0.5 -0.7291262015 -0.7553917489

-0.9498468995 -0.2861784753 0.126066442 -1.676882336 
-0.2326989582 0.9161357147 0.3264146857 -0.2869186336 
-0.2089068271 0.2807084474 -0.9367821012 0.946013393 
0 0 0 1 

0.5 0.8807740794 0.5934248063

-0.9291234485 0.352814299 0.1106873424 -1.605860594 
0.3426988843 0.9340440311 -0.100594347 -0.2301319107 
-0.1388779755 -0.05553213779 -0.9887512779 0.4584033197 
0 0 0 1 

0.4815515045 -0.9067423311 -0.3461431135

-0.9826389943 -0.05164559371 0.1781946673 -1.529180846 
0.00844628321 0.9470247615 0.3210494689 -0.1772802993 
-0.1853355527 0.3169808099 -0.9301472459 -0.01018218182 
0 0 0 1 


14
0 1 0 -1.8 
1 -0 0 -0.05 
0 0 -1 5.4 
0 0 0 1 

0.5 0.4897746155 -0.1263017935

-0.1247096699 0.9622785973 -0.2418003298 -1.860835466 
0.9920742642 0.1247096699 -0.0153672569 -0.05256770884 
0.0153672569 -0.2418003298 -0.9702043331 4.904978546 
0 0 0 1 

0.5 -0.5064497744 -0.1435186854

-0.2639603833 0.9645256615 0.003894132241 -1.920335758 
0.9640052244 0.2636800486 0.03415785834 -0.04933841466 
0.03191932593 0.01277028521 -0.9994088635 4.409885463 
0 0 0 1 

0.5 -0.7674994841 0.1546037369

-0.1160628703 0.9213522026 0.3709980175 -1.825920418 
0.991261613 0.08387292087 0.1018123167 -0.01246259639 
0.06268831488 0.3795727229 -0.9230356023 3.923392532 
0 0 0 1 

0.5 -0.02403354645 -0.7656426975

-0.7205310331 0.5797120646 0.380485154 -1.637876871 
0.6569640547 0.7462818337 0.1070591217 0.03942030865 
-0.221885694 0.3271044891 -0.9185692092 3.46301786 
0 0 0 1 

0.5 0.09491271665 -0.7673516839

-0.9275320395 -0.06703205718 0.3676833135 -1.45212637 
-0.0468591172 0.9968791068 0.06353164228 0.08256846898 
-0.3707944698 0.04169831826 -0.9277783741 3.000860978 
0 0 0 1 

0.5 -0.2221860196 0.5130019316

-0.8513279621 0.3572703074 0.3841856691 -1.266132246 
0.4456367937 0.8788886519 0.1701839757 0.1415460611 
-0.2768547435 0.316089647 -0.9074352793 2.540781571 
0 0 0 1 

0.5 -0.7290645628 0.5311142779

-0.5943755804 0.5766332984 0.5605459023 -1.033304497 
0.804184529 0.424267289 0.4162745618 0.2951141026 
0.002216483288 0.6982057767 -0.7158936936 2.129104884 
0 0 0 1 

0.5 -0.479197294 0.1476516835

-0.5137678783 0.5080130569 0.6913503462 -0.7196444738 
0.849981451 0.1919699105 0.4905905486 0.5241525366 
0.1165079402 0.8396846357 -0.5304296489 1.816109757 
0 0 0 1 

0.5 0.5760513325 -0.1050196866

-0.5738508212 0.627233426 0.5265676256 -0.4137319627 
0.8181226285 0.4099915532 0.4032149441 0.7502245104 
0.03702161211 0.6621821167 -0.7484278486 1.494261818 
0 0 0 1 

0.5 -0.0406365646 -0.0229842084

-0.5879905168 0.6030535926 0.5390672654 -0.1473027691 
0.8085788389 0.4204082471 0.4116517545 0.9539323662 
0.02161974539 0.6779257114 -0.7348124362 1.123438419 
0 0 0 1 

0.5 0.7058221339 -0.6160424831

-0.8782777183 0.2994495504 0.3727709971 0.07615445136 
0.3808115274 0.9095206685 0.1665975213 1.105748057 
-0.2891553737 0.2882743837 -0.9128455782 0.7057455177 
0 0 0 1 

0.5 -0.4963373453 0.6958478773

-0.5159632392 0.6941112149 0.5019876066 0.2907255465 
0.855859764 0.393185452 0.3360197387 1.236790672 
0.0358608451 0.6030048273 -0.7969311 0.2750169277 
0 0 0 1 

0.5 0.9254473867 0.5754522389

-0.006388258604 0.9957166718 0.09223610829 0.445150015 
0.9694676834 -0.01644436819 0.2446671076 1.373991941 
0.2451358826 0.09098292299 -0.9652100843 -0.1754811222 
0 0 0 1 


16
0.7071 -0.7071 0 -1.776775 
-0.7071 -0.7071 0 -1.423225 
0 -0 -1 6.3 
0 0 0 1 

0.5 0.2326183454 0.2423619527

0.5171400174 -0.8510209142 0.09116153827 -1.754682929 
-0.8557749425 -0.5123859891 0.07134890345 -1.40444301 
-0.01400978279 -0.1149133374 -0.9932767242 5.801123252 
0 0 0 1 

0.5 0.5183208273 0.1091587079

0.4236834266 -0.8499867717 0.3130425882 -1.653620715 
-0.9049044525 -0.3818224706 0.1879902999 -1.338196476 
-0.04026334595 -0.3629289673 -0.9309465225 5.317385744 
0 0 0 1 

0.5 0.5594443176 -0.2981009386

0.6386316681 -0.5719917237 0.5147386527 -1.443426288 
-0.7623058232 -0.5615310684 0.3217973138 -1.21284995 
0.1049783589 -0.5979096955 -0.7946593862 4.883237887 
0 0 0 1 

0.5 -0.865465017 -0.183923281

0.749505534 -0.6113667328 0.2538759394 -1.250560058 
-0.6375614959 -0.7698670337 0.02830034376 -1.121555215 
0.1781522446 -0.1830762993 -0.9668220345 4.435360163 
0 0 0 1 

0.5 -0.2952841325 0.3430839064

0.4946424997 -0.8570392991 0.144198673 -1.149526562 
-0.8592120391 -0.5071835816 -0.06708432332 -1.132870943 
0.1306316064 -0.09071621843 -0.9872719742 3.946267159 
0 0 0 1 

0.5 0.6158174993 0.5518097232

-0.008416523636 -0.9051884002 0.4249046272 -1.007872618 
-0.9998186134 0.01463541446 0.01137387099 -1.140058882 
-0.01651446816 -0.4247399733 -0.9051647515 3.468843817 
0 0 0 1 

0.5 -0.6970798243 -0.3963123262

0.363214268 -0.9265194433 0.09807107981 -0.8768174637 
-0.9278740128 -0.3692386716 -0.05189835929 -1.14458914 
0.08429809103 -0.0721487656 -0.9938251292 2.988951912 
0 0 0 1 

0.5 0.9624653179 0.1978605333

0.1856671564 -0.827476181 0.5298978174 -0.717830268 
-0.9823386521 -0.1688198646 0.08056950959 -1.133384432 
0.02278836479 -0.5355084905 -0.8442223327 2.520106858 
0 0 0 1 

0.5 0.441279042 -0.6401451264

0.6031901744 -0.4267645703 0.6738059328 -0.4131920033 
-0.6941147251 -0.6970059203 0.1799119658 -1.073157357 
0.3928742068 -0.5762308019 -0.7166644407 2.1295079 
0 0 0 1 

0.5 0.8551321831 0.1567514001

0.5534914891 -0.196347059 0.8093675456 -0.03827942848 
-0.7853272949 -0.4465980348 0.4287097563 -0.9165253502 
0.2772913739 -0.8729223693 -0.4013926147 1.84468964 
0 0 0 1 

0.5 -0.4636429287 -0.1698369946

0.5942773423 -0.2806370262 0.7536963049 0.353301833 
-0.6908880099 -0.6578544268 0.2998034871 -0.7323536515 
0.4116943879 -0.6988995646 -0.5848479543 1.596446254 
0 0 0 1 

0.5 -0.2777152169 0.3514212557

0.4435530146 -0.5669309334 0.6941403749 0.7169213784 
-0.8816819654 -0.4150370298 0.224414785 -0.6027073148 
0.1608693615 -0.7115645522 -0.6839568236 1.279318511 
0 0 0 1 

0.5 -0.887745264 -0.4679780969

0.7135672588 -0.5467434055 0.4380345142 0.9995891238 
-0.5848879529 -0.8090905215 -0.05709142309 -0.5535375376 
0.385631329 -0.2154666727 -0.897141344 0.8748045353 
0 0 0 1 

0.5 0.2072117426 -0.4199392703

0.8647489171 -0.1620129544 0.4753334966 1.229597175 
-0.203618681 -0.9783420574 0.03697392855 -0.5592998434 
0.4590573003 -0.1287624139 -0.8790259585 0.4311381765 
0 0 0 1 

0.5 -0.6889520139 0.07921783469

0.8430766124 -0.379435577 0.381092231 1.446830828 
-0.2793840066 -0.9145357313 -0.2924889622 -0.6240963374 
0.4595119938 0.1401222166 -0.8770487398 -0.01174790444 
0 0 0 1 


16
0.7071 -0.7071 0 -1.6 
-0.7071 -0.7071 0 -1.6 
0 -0 -1 6.3 
0 0 0 1 

0.5 0.7841412169 0.4675682275

0.3216964845 -0.8899727263 0.3231729231 -1.522212933 
-0.9426546884 -0.2690145224 0.1975199866 -1.543418509 
-0.08885089558 -0.3681890183 -0.9254957402 5.812573568 
0 0 0 1 

0.5 0.9448444247 -0.5364203345

0.6758881807 -0.373891041 0.6351074528 -1.272396582 
-0.7043618984 -0.5812866747 0.4073830358 -1.398392588 
0.2168667915 -0.7227047316 -0.6562519834 5.410098101 
0 0 0 1 

0.5 -0.09050683724 0.4530352858

0.4377252564 -0.6592938115 0.6113175034 -0.9602503306 
-0.8917634508 -0.2316880811 0.3886636089 -1.200042404 
-0.1146107311 -0.7152922036 -0.6893630711 5.073680312 
0 0 0 1 

0.5 -0.2567052706 0.2602998431

0.2436441504 -0.8214362051 0.5156170177 -0.6776483387 
-0.9276762584 -0.04230650462 0.3709551714 -1.011151951 
-0.2829074807 -0.5687176313 -0.7723494113 4.707467204 
0 0 0 1 

0.5 -0.6342718322 -0.7123688482

0.7678857766 -0.5750452685 0.2822325164 -0.4814752438 
-0.6369832713 -0.7320451506 0.2415430179 -0.848819478 
0.06771007408 -0.3652618452 -0.9284390827 4.279553971 
0 0 0 1 

0.5 -0.5820743912 -0.5939968402

0.9780109027 -0.1064642349 0.1792787239 -0.371821578 
-0.1047090511 -0.994306886 -0.01925230265 -0.7900430332 
0.1803112097 5.685792699e-005 -0.9836096098 3.797079097 
0 0 0 1 

0.5 -0.7099743122 -0.6687201081

0.854449746 0.4581864558 0.2448706256 -0.2742169561 
0.5186152438 -0.7800129015 -0.3501412891 -0.8855917818 
0.03057283731 0.4261799489 -0.9041216471 3.318782393 
0 0 0 1 

0.5 -0.01106944773 0.2708628676

0.9457075746 0.2115175316 0.2467353585 -0.1512585051 
0.2912661578 -0.8884093227 -0.3547868665 -1.061798792 
0.1441611155 0.4073981008 -0.9018006211 2.867306163 
0 0 0 1 

0.5 0.1319015333 -0.01646869604

0.9419647008 0.2428514743 0.2317465943 -0.03155190626 
0.3060389498 -0.9049449367 -0.2956275407 -1.224447837 
0.1379269685 0.3494008937 -0.926765972 2.410005129 
0 0 0 1 

0.5 -0.4668686381 0.5121779766

0.9260680823 -0.3032784814 0.2245014247 0.0878502549 
-0.1552463458 -0.8485153915 -0.5058666055 -1.425373151 
0.3439179665 0.4336222083 -0.832881872 1.969269637 
0 0 0 1 

0.5 0.9496473568 -0.1237333957

0.9486943831 -0.05508064017 0.3113292639 0.2267381707 
-0.0386900403 -0.9975227913 -0.05858482364 -1.569445917 
0.3137909444 0.04353458635 -0.9484935334 1.516177019 
0 0 0 1 

0.5 0.4983519237 0.2390495566

0.9181297856 -0.1980911245 0.3431886118 0.3888798983 
-0.2730699345 -0.9438857725 0.1857236638 -1.53710322 
0.287146146 -0.2642379874 -0.9207200317 1.045671863 
0 0 0 1 

0.5 0.8258914826 0.03581679852

0.9131575128 -0.07557257675 0.4005158705 0.576920143 
-0.3043905665 -0.7799376044 0.54683136 -1.351135449 
0.2710571325 -0.6212683332 -0.735223564 0.6255252113 
0 0 0 1 

0.5 -0.2910249396 -0.5240366824

0.8434115175 0.3351661941 0.4198826675 0.7795170964 
0.1455874068 -0.8948741094 0.4218832248 -1.108256481 
0.5171530419 -0.2946971944 -0.8035585199 0.2388398529 
0 0 0 1 

0.5 0.1854743082 -0.09609480667

0.8055429738 0.4518117522 0.38333729 0.9807729439 
0.2287765638 -0.8339494874 0.5021656661 -0.8770087722 
0.5465787694 -0.3168235127 -0.7751609579 -0.1559255392 
0 0 0 1 


15
0.7071 -0.7071 0 -1.423225 
-0.7071 -0.7071 0 -1.776775 
0 -0 -1 6.3 
0 0 0 1 

0.5 -0.111193113 0.5027306693

0.2791167419 -0.9590800314 -0.04733030398 -1.434471354 
-0.9601497463 -0.278047027 -0.02798455591 -1.784769314 
0.01367964083 0.05325615888 -0.9984871802 5.800254307 
0 0 0 1 

0.5 -0.1568027833 -0.3055014444

0.5538036782 -0.8242571679 -0.1178237123 -1.476201019 
-0.8325039704 -0.5506616975 -0.06074252369 -1.806059047 
-0.01481382902 0.131730668 -0.9911748492 5.302582019 
0 0 0 1 

0.5 -0.1761040161 -0.6845617927

0.9462088092 -0.276307512 -0.1682969642 -1.549757669 
-0.2990815308 -0.9454091996 -0.1293541778 -1.852123329 
-0.1233703334 0.1727338893 -0.9772117295 4.810333732 
0 0 0 1 

0.5 0.372709028 0.01744545938

0.941000254 -0.3190727102 -0.1126585446 -1.620328803 
-0.315642774 -0.9476755659 0.04755503177 -1.872590723 
-0.1219396016 -0.009189617701 -0.9924949796 4.316493635 
0 0 0 1 

0.5 0.04812423326 0.223578861

0.8465400876 -0.5223466153 -0.102492505 -1.674320537 
-0.517758544 -0.8527035927 0.06930723682 -1.843279858 
-0.1236004985 -0.005605091654 -0.9923162297 3.820294429 
0 0 0 1 

0.5 0.5506793843 -0.5597109657

0.9995978624 -0.006721246767 -0.02719849943 -1.700789063 
0.002491151996 -0.9456199148 0.3252346706 -1.74571734 
-0.02790596043 -0.325177874 -0.9452410315 3.332214822 
0 0 0 1 

0.5 0.9890417508 -0.7732279808

0.7305176003 0.6531526869 -0.1992897973 -1.743619594 
0.5766173526 -0.4336459733 0.6924192506 -1.480603466 
0.3658412926 -0.6207503106 -0.6934184887 2.916372398 
0 0 0 1 

0.5 -0.9543487695 -0.3147173192

0.486207265 0.8569110999 0.1711335218 -1.754732076 
0.7285863745 -0.5056631083 0.4620038266 -1.190557974 
0.482441369 -0.09994598172 -0.8702075191 2.515054294 
0 0 0 1 

0.5 -0.8353772657 -0.3427257028

0.1906904631 0.8254402524 0.5312874524 -1.57857644 
0.8840929342 -0.3796221593 0.2724839808 -1.009140348 
0.4266159183 0.4177553988 -0.8021716058 2.087905453 
0 0 0 1 

0.5 0.0730002285 -0.3756182612

-0.1289448224 0.8562281269 0.5002273958 -1.320650793 
0.9598482042 -0.01894222933 0.2798453801 -0.870508165 
0.2490916853 0.5162368818 -0.8194222441 1.682657122 
0 0 0 1 

0.5 0.3586698417 0.5862642985

0.389127907 0.8554331876 0.3417518889 -1.110161949 
0.8038315401 -0.4965214753 0.327569992 -0.7222454892 
0.4499100237 0.147247146 -0.8808514339 1.254814076 
0 0 0 1 

0.5 0.8287449419 -0.6552685289

-0.2404781738 0.9690051415 -0.05639240759 -1.036841271 
0.8911692135 0.2434391056 0.382799758 -0.5317473998 
0.3846704289 0.04180061094 -0.9221070274 0.8022353681 
0 0 0 1 

0.5 0.142248394 0.7654414347

0.4958984563 0.8593523873 -0.1248159265 -1.082471557 
0.8211440201 -0.4173054186 0.3893064422 -0.3406985332 
0.2824704758 -0.2955539841 -0.9126106907 0.342546198 
0 0 0 1 

0.5 0.6754697869 -0.5325999122

0.01077431999 0.9015851836 -0.4324452459 -1.221188561 
0.8824349124 0.1948274445 0.4281725263 -0.1276570343 
0.4702952281 -0.3862254583 -0.7935063288 -0.08526755087 
0 0 0 1 


