1
37
                       1                        0                        0                        0
                       0                       -1                        0                        0
                       0                        0                       -1                      8.5
                       0                        0                        0                        1

0.25 0.2 0
                       1                        0                        0                        0
                       0     -0.99875026039496628     0.049979169270678331    0.0062486980251687668
                       0    -0.049979169270678338     -0.99875026039496628       8.2501041536466087
                       0                        0                        0                        1

0.25 0.2 0
                       1                        0                        0                        0
                       0     -0.99500416527802582     0.099833416646828155     0.024979173609871168
                       0    -0.099833416646828169     -0.99500416527802582       8.0008329167658587
                       0                        0                        0                        1

0.25 0.2 0
                       1                        0                        0                        0
                       0     -0.98877107793604235      0.14943813247359924     0.056144610319788568
                       0     -0.14943813247359927     -0.98877107793604235       7.7528093376320033
                       0                        0                        0                        1

0.25 0.2 0
                       1                        0                        0                        0
                       0     -0.98006657784124174      0.19866933079506124     0.099667110793791855
                       0     -0.19866933079506127     -0.98006657784124174       7.5066533460246934
                       0                        0                        0                        1

0.25 0.2 0
                       1                        0                        0                        0
                       0     -0.96891242171064496      0.24740395925452296      0.15543789144677611
                       0     -0.24740395925452302     -0.96891242171064496        7.262980203727385
                       0                        0                        0                        1

0.25 0.2 0
                       1                        0                        0                        0
                       0      -0.9553364891256062       0.2955202066613396      0.22331755437196993
                       0     -0.29552020666133971      -0.9553364891256062       7.0223989666933013
                       0                        0                        0                        1

0.25 0.2 0
                       1                        0                        0                        0
                       0     -0.93937271284737911       0.3428978074554514      0.30313643576310545
                       0     -0.34289780745545151     -0.93937271284737911       6.7855109627227428
                       0                        0                        0                        1

0.25 0.2 0
                       1                        0                        0                        0
                       0     -0.92106099400288532      0.38941834230865058      0.39469502998557465
                       0     -0.38941834230865069     -0.92106099400288532       6.5529082884567469
                       0                        0                        0                        1

0.25 0 0
                       1                        0                        0                        0
                       0     -0.92106099400288532      0.38941834230865058       0.4920496155627373
                       0     -0.38941834230865069     -0.92106099400288532       6.3226430399560254
                       0                        0                        0                        1

0.25 -0.2 0
                       1                        0                        0                        0
                       0     -0.93937271284737922      0.34289780745545145      0.58360820978520644
                       0     -0.34289780745545156     -0.93937271284737922       6.0900403656900295
                       0                        0                        0                        1

0.25 -0.2 0
                       1                        0                        0                        0
                       0     -0.95533648912560631      0.29552020666133966      0.66342709117634202
                       0     -0.29552020666133977     -0.95533648912560631        5.853152361719471
                       0                        0                        0                        1

0.25 -0.2 0
                       1                        0                        0                        0
                       0     -0.96891242171064507      0.24740395925452302      0.73130675410153589
                       0     -0.24740395925452313     -0.96891242171064507       5.6125711246853873
                       0                        0                        0                        1

0.25 0 0
                       1                        0                        0                        0
                       0     -0.96891242171064507      0.24740395925452302      0.79315774391516669
                       0     -0.24740395925452313     -0.96891242171064507       5.3703430192577262
                       0                        0                        0                        1

0.25 0 0
                       1                        0                        0                        0
                       0     -0.96891242171064507      0.24740395925452302      0.85500873372879749
                       0     -0.24740395925452313     -0.96891242171064507        5.128114913830065
                       0                        0                        0                        1

0.25 0 0
                       1                        0                        0                        0
                       0     -0.96891242171064507      0.24740395925452302      0.91685972354242828
                       0     -0.24740395925452313     -0.96891242171064507       4.8858868084024039
                       0                        0                        0                        1

0.25 0 0
                       1                        0                        0                        0
                       0     -0.96891242171064507      0.24740395925452302      0.97871071335605908
                       0     -0.24740395925452313     -0.96891242171064507       4.6436587029747427
                       0                        0                        0                        1

0.25 0 0
                       1                        0                        0                        0
                       0     -0.96891242171064507      0.24740395925452302       1.0405617031696899
                       0     -0.24740395925452313     -0.96891242171064507       4.4014305975470815
                       0                        0                        0                        1

0.25 0 0
                       1                        0                        0                        0
                       0     -0.96891242171064507      0.24740395925452302       1.1024126929833207
                       0     -0.24740395925452313     -0.96891242171064507       4.1592024921194204
                       0                        0                        0                        1

0.25 0 0
                       1                        0                        0                        0
                       0     -0.96891242171064507      0.24740395925452302       1.1642636827969515
                       0     -0.24740395925452313     -0.96891242171064507       3.9169743866917592
                       0                        0                        0                        1

0.25 0 0
                       1                        0                        0                        0
                       0     -0.96891242171064507      0.24740395925452302       1.2261146726105823
                       0     -0.24740395925452313     -0.96891242171064507       3.6747462812640981
                       0                        0                        0                        1

0.25 0 0
                       1                        0                        0                        0
                       0     -0.96891242171064507      0.24740395925452302       1.2879656624242131
                       0     -0.24740395925452313     -0.96891242171064507       3.4325181758364369
                       0                        0                        0                        1

0.25 0 0
                       1                        0                        0                        0
                       0     -0.96891242171064507      0.24740395925452302       1.3498166522378439
                       0     -0.24740395925452313     -0.96891242171064507       3.1902900704087758
                       0                        0                        0                        1

0.25 0 0
                       1                        0                        0                        0
                       0     -0.96891242171064507      0.24740395925452302       1.4116676420514747
                       0     -0.24740395925452313     -0.96891242171064507       2.9480619649811146
                       0                        0                        0                        1

0.25 0 0
                       1                        0                        0                        0
                       0     -0.96891242171064507      0.24740395925452302       1.4735186318651055
                       0     -0.24740395925452313     -0.96891242171064507       2.7058338595534535
                       0                        0                        0                        1

0.25 0 0
                       1                        0                        0                        0
                       0     -0.96891242171064507      0.24740395925452302       1.5353696216787363
                       0     -0.24740395925452313     -0.96891242171064507       2.4636057541257923
                       0                        0                        0                        1

0.25 0 0
                       1                        0                        0                        0
                       0     -0.96891242171064507      0.24740395925452302        1.597220611492367
                       0     -0.24740395925452313     -0.96891242171064507       2.2213776486981311
                       0                        0                        0                        1

0.25 0 0
                       1                        0                        0                        0
                       0     -0.96891242171064507      0.24740395925452302       1.6590716013059978
                       0     -0.24740395925452313     -0.96891242171064507         1.97914954327047
                       0                        0                        0                        1

0.25 0 0
                       1                        0                        0                        0
                       0     -0.96891242171064507      0.24740395925452302       1.7209225911196286
                       0     -0.24740395925452313     -0.96891242171064507       1.7369214378428088
                       0                        0                        0                        1

0.25 0 0
                       1                        0                        0                        0
                       0     -0.96891242171064507      0.24740395925452302       1.7827735809332594
                       0     -0.24740395925452313     -0.96891242171064507       1.4946933324151477
                       0                        0                        0                        1

0.25 0 0
                       1                        0                        0                        0
                       0     -0.96891242171064507      0.24740395925452302       1.8446245707468902
                       0     -0.24740395925452313     -0.96891242171064507       1.2524652269874865
                       0                        0                        0                        1

0.25 0 0
                       1                        0                        0                        0
                       0     -0.96891242171064507      0.24740395925452302        1.906475560560521
                       0     -0.24740395925452313     -0.96891242171064507       1.0102371215598254
                       0                        0                        0                        1

0.25 0 0
                       1                        0                        0                        0
                       0     -0.96891242171064507      0.24740395925452302       1.9683265503741518
                       0     -0.24740395925452313     -0.96891242171064507       0.7680090161321641
                       0                        0                        0                        1

0.25 0 0
                       1                        0                        0                        0
                       0     -0.96891242171064507      0.24740395925452302       2.0301775401877826
                       0     -0.24740395925452313     -0.96891242171064507      0.52578091070450284
                       0                        0                        0                        1

0.25 0 0
                       1                        0                        0                        0
                       0     -0.96891242171064507      0.24740395925452302       2.0920285300014134
                       0     -0.24740395925452313     -0.96891242171064507      0.28355280527684157
                       0                        0                        0                        1

0.25 0 0
                       1                        0                        0                        0
                       0     -0.96891242171064507      0.24740395925452302       2.1538795198150442
                       0     -0.24740395925452313     -0.96891242171064507     0.041324699849180302
                       0                        0                        0                        1

0.25 0 0
                       1                        0                        0                        0
                       0     -0.96891242171064507      0.24740395925452302        2.215730509628675
                       0     -0.24740395925452313     -0.96891242171064507     -0.20090340557848096
                       0                        0                        0                        1
